Electoral District Number/Numéro de circonscription,Electoral District Name/Nom de circonscription,Polling Station Number/Numéro du bureau de scrutin,Polling Station Name/Nom du bureau de scrutin,Yvonne Jones,Peter Penashue,Edward Rudkowski,Rejected Ballots/Bulletins rejetés,Total Votes/Total des votes,Electors/Électeurs
10004,"Labrador/Labrador"," 1","Nain",145,18,18,1,182,309
10004,"Labrador/Labrador"," 2","Nain",189,14,26,5,234,443
10004,"Labrador/Labrador"," 3","Natuashish",51,42,27,0,120,474
10004,"Labrador/Labrador"," 4","Hopedale",197,18,10,3,228,431
10004,"Labrador/Labrador"," 5","Postville",62,9,5,0,76,140
10004,"Labrador/Labrador"," 6","Makkovik",121,9,12,1,143,263
10004,"Labrador/Labrador"," 7","Rigolet",107,12,8,0,127,215
10004,"Labrador/Labrador"," 8","North West River",181,26,40,0,247,453
10004,"Labrador/Labrador"," 9","Sheshatshiu",15,64,5,0,84,292
10004,"Labrador/Labrador"," 10","Sheshatshiu",58,117,24,0,199,602
10004,"Labrador/Labrador"," 11","Happy Valley-Goose Bay",135,39,20,0,194,387
10004,"Labrador/Labrador"," 12","Happy Valley-Goose Bay",175,39,24,1,239,454
10004,"Labrador/Labrador"," 13","Happy Valley-Goose Bay",136,33,31,0,200,412
10004,"Labrador/Labrador"," 14","Happy Valley-Goose Bay",165,65,45,1,276,496
10004,"Labrador/Labrador"," 15","Happy Valley-Goose Bay",177,46,35,1,259,528
10004,"Labrador/Labrador"," 16","Happy Valley-Goose Bay",110,40,19,1,170,372
10004,"Labrador/Labrador"," 17","Happy Valley-Goose Bay",138,39,25,0,202,407
10004,"Labrador/Labrador"," 18","Happy Valley-Goose Bay",112,26,18,2,158,357
10004,"Labrador/Labrador"," 19","Happy Valley-Goose Bay",150,40,30,1,221,423
10004,"Labrador/Labrador"," 20","Happy Valley-Goose Bay",161,62,27,0,250,436
10004,"Labrador/Labrador"," 21","Happy Valley-Goose Bay",141,25,34,2,202,464
10004,"Labrador/Labrador"," 22","Happy Valley-Goose Bay",115,25,19,2,161,355
10004,"Labrador/Labrador"," 23","Happy Valley-Goose Bay",117,36,23,1,177,391
10004,"Labrador/Labrador"," 24","Happy Valley-Goose Bay",109,49,29,1,188,350
10004,"Labrador/Labrador"," 25","Mud Lake",20,6,6,1,33,40
10004,"Labrador/Labrador"," 26","Cartwright",140,5,24,0,169,405
10004,"Labrador/Labrador"," 27","Black Tickle",33,3,2,1,39,116
10004,"Labrador/Labrador"," 28","Norman's Bay",5,2,0,0,7,24
10004,"Labrador/Labrador"," 29","Charlottetown",104,15,7,0,126,253
10004,"Labrador/Labrador"," 30","Pinsent Arm",27,0,1,0,28,44
10004,"Labrador/Labrador"," 31","Williams Harbour",6,0,1,0,7,18
10004,"Labrador/Labrador"," 32","St. Lewis",92,0,5,0,97,170
10004,"Labrador/Labrador"," 33","Port Hope Simpson",124,10,10,0,144,330
10004,"Labrador/Labrador"," 34","Mary's Harbour",120,5,17,0,142,295
10004,"Labrador/Labrador"," 35","Lodge Bay",20,0,8,0,28,64
10004,"Labrador/Labrador"," 36","Red Bay",50,19,7,0,76,166
10004,"Labrador/Labrador"," 37","West St. Modeste",57,9,6,0,72,162
10004,"Labrador/Labrador"," 38","Pinware",33,5,8,0,46,70
10004,"Labrador/Labrador"," 39","L'Anse-au-Loup",117,41,14,1,173,476
10004,"Labrador/Labrador"," 40","Forteau",121,12,9,0,142,337
10004,"Labrador/Labrador"," 41","L'Anse-au-Clair",70,12,10,0,92,171
10004,"Labrador/Labrador"," 42","Churchill Falls",88,17,13,0,118,187
10004,"Labrador/Labrador"," 43","Churchill Falls",122,21,10,0,153,236
10004,"Labrador/Labrador"," 44","Wabush",157,16,57,0,230,369
10004,"Labrador/Labrador"," 45","Wabush",101,6,26,0,133,245
10004,"Labrador/Labrador"," 46","Wabush",86,13,36,0,135,274
10004,"Labrador/Labrador"," 47","Wabush",177,27,68,0,272,505
10004,"Labrador/Labrador"," 48","Labrador City",160,38,54,0,252,404
10004,"Labrador/Labrador"," 49","Labrador City",170,23,26,2,221,376
10004,"Labrador/Labrador"," 50","Labrador City",168,28,47,2,245,392
10004,"Labrador/Labrador"," 51","Labrador City",150,24,32,1,207,359
10004,"Labrador/Labrador"," 52","Labrador City",140,13,40,2,195,377
10004,"Labrador/Labrador"," 53","Labrador City",131,6,21,0,158,313
10004,"Labrador/Labrador"," 54","Labrador City",122,16,36,1,175,372
10004,"Labrador/Labrador"," 55","Labrador City",122,9,36,0,167,318
10004,"Labrador/Labrador"," 56","Labrador City",104,15,28,0,147,318
10004,"Labrador/Labrador"," 57","Labrador City",175,21,36,0,232,411
10004,"Labrador/Labrador"," 58","Labrador City",163,10,47,0,220,389
10004,"Labrador/Labrador"," 59","Labrador City",145,14,38,1,198,377
10004,"Labrador/Labrador"," 60","Labrador City",138,7,22,2,169,390
10004,"Labrador/Labrador"," 61","Labrador City",129,3,51,0,183,357
10004,"Labrador/Labrador"," 62","Labrador City",138,9,26,1,174,340
10004,"Labrador/Labrador"," 500","Mobile poll/Bureau itinérant",21,3,2,1,27,40
10004,"Labrador/Labrador"," 501","Mobile poll/Bureau itinérant",22,5,0,0,27,43
10004,"Labrador/Labrador"," 600","Nain",28,4,6,0,38,
10004,"Labrador/Labrador"," 601","Natuashish",37,17,11,2,67,
10004,"Labrador/Labrador"," 602","Hopedale",7,1,1,0,9,
10004,"Labrador/Labrador"," 603","Postville",20,1,1,0,22,
10004,"Labrador/Labrador"," 604","Makkovik",36,7,1,0,44,
10004,"Labrador/Labrador"," 605","Rigolet",14,4,2,0,20,
10004,"Labrador/Labrador"," 606","Labrador City",274,38,60,2,374,
10004,"Labrador/Labrador"," 607","Churchill Falls",20,2,4,0,26,
10004,"Labrador/Labrador"," 608","North West River",38,9,9,0,56,
10004,"Labrador/Labrador"," 609","Sheshatsheits",19,25,12,0,56,
10004,"Labrador/Labrador"," 610","Happy Valley-Goose Bay",381,99,70,0,550,
10004,"Labrador/Labrador"," 611","Cartwright",60,3,11,0,74,
10004,"Labrador/Labrador"," 612","Black Tickle",34,5,15,0,54,
10004,"Labrador/Labrador"," 613","Norman's Bay","Results combined with No./Résultats combinés au n°612",,,,,
10004,"Labrador/Labrador"," 614","Charlottetown",23,1,2,0,26,
10004,"Labrador/Labrador"," 615","Williams Harbour","Results combined with No./Résultats combinés au n°614",,,,,
10004,"Labrador/Labrador"," 616","Port Hope Simpson",20,1,4,0,25,
10004,"Labrador/Labrador"," 617","Mary's Harbour",66,1,7,0,74,
10004,"Labrador/Labrador"," 618","Red Bay",20,2,1,1,24,
10004,"Labrador/Labrador"," 619","L'Anse-au-Loup",80,23,8,0,111,
10004,"Labrador/Labrador",,"Group 1/Groupe 1",64,30,12,1,107,58
10004,"Labrador/Labrador",,"Group 2/Groupe 2",502,62,101,8,673,
