District,Poll Number,Poll Name,Jovette Cyr,Jean-Claude J.C. D'Amours,Rodolphe Martin,Benoit Violette,Rejected Ballots,Total Vote,Electors
Madawaska--Restigouche/Madawaska--Restigouche,1,Dalhousie,4,62,38,14,4,122,258
Madawaska--Restigouche/Madawaska--Restigouche,2,Dalhousie,9,35,37,22,1,104,308
Madawaska--Restigouche/Madawaska--Restigouche,3A,Dalhousie,10,58,39,22,1,130,266
Madawaska--Restigouche/Madawaska--Restigouche,3B,Dalhousie,7,57,32,18,3,117,246
Madawaska--Restigouche/Madawaska--Restigouche,4,Dalhousie,7,59,54,42,8,170,322
Madawaska--Restigouche/Madawaska--Restigouche,5,Dalhousie,14,51,73,28,2,168,359
Madawaska--Restigouche/Madawaska--Restigouche,6,Dalhousie,4,42,24,19,1,90,216
Madawaska--Restigouche/Madawaska--Restigouche,7,Dalhousie,0,37,43,14,1,95,201
Madawaska--Restigouche/Madawaska--Restigouche,8,Dalhousie,6,59,41,22,6,134,311
Madawaska--Restigouche/Madawaska--Restigouche,9,Dalhousie,3,56,53,22,1,135,252
Madawaska--Restigouche/Madawaska--Restigouche,10,Dalhousie,4,30,19,9,6,68,144
Madawaska--Restigouche/Madawaska--Restigouche,11A,Dalhousie,7,88,97,30,6,228,393
Madawaska--Restigouche/Madawaska--Restigouche,11B,Dalhousie,8,33,24,10,1,76,260
Madawaska--Restigouche/Madawaska--Restigouche,12,McLeods,7,99,47,30,7,190,309
Madawaska--Restigouche/Madawaska--Restigouche,13,Dalhousie Junction,18,70,61,84,17,250,375
Madawaska--Restigouche/Madawaska--Restigouche,14,Point La Nim,12,55,41,41,1,150,229
Madawaska--Restigouche/Madawaska--Restigouche,15,Dundee,5,104,75,29,6,219,352
Madawaska--Restigouche/Madawaska--Restigouche,16,Dundee,8,116,69,27,9,229,355
Madawaska--Restigouche/Madawaska--Restigouche,17,Eel River Crossing,2,116,60,37,14,229,402
Madawaska--Restigouche/Madawaska--Restigouche,18,Eel River Crossing,10,93,86,20,7,216,309
Madawaska--Restigouche/Madawaska--Restigouche,19,Eel River Crossing,9,70,67,35,13,194,305
Madawaska--Restigouche/Madawaska--Restigouche,20,Eel River Crossing,5,78,45,13,6,147,194
Madawaska--Restigouche/Madawaska--Restigouche,21,Charlo,11,91,69,37,12,220,370
Madawaska--Restigouche/Madawaska--Restigouche,22,Charlo,6,107,48,24,4,189,274
Madawaska--Restigouche/Madawaska--Restigouche,23,Charlo,5,73,53,47,3,181,278
Madawaska--Restigouche/Madawaska--Restigouche,24,Charlo,7,61,64,25,7,164,239
Madawaska--Restigouche/Madawaska--Restigouche,25,Campbellton,11,93,56,35,10,205,359
Madawaska--Restigouche/Madawaska--Restigouche,26,Campbellton,12,98,36,39,1,186,367
Madawaska--Restigouche/Madawaska--Restigouche,27,Campbellton,3,109,49,37,7,205,323
Madawaska--Restigouche/Madawaska--Restigouche,28,Campbellton,9,94,30,26,2,161,382
Madawaska--Restigouche/Madawaska--Restigouche,29,Campbellton,10,107,60,39,5,221,427
Madawaska--Restigouche/Madawaska--Restigouche,30,Campbellton,6,83,38,35,5,167,361
Madawaska--Restigouche/Madawaska--Restigouche,31,Campbellton,12,87,51,22,7,179,314
Madawaska--Restigouche/Madawaska--Restigouche,32,Campbellton,5,80,40,44,3,172,317
Madawaska--Restigouche/Madawaska--Restigouche,33,Campbellton,8,55,22,27,2,114,280
Madawaska--Restigouche/Madawaska--Restigouche,34,Campbellton,8,85,41,34,10,178,381
Madawaska--Restigouche/Madawaska--Restigouche,35,Campbellton,5,92,40,43,2,182,335
Madawaska--Restigouche/Madawaska--Restigouche,36,Campbellton,17,152,56,44,11,280,482
Madawaska--Restigouche/Madawaska--Restigouche,37,Campbellton,6,59,25,21,9,120,351
Madawaska--Restigouche/Madawaska--Restigouche,38,Campbellton,5,65,29,18,2,119,273
Madawaska--Restigouche/Madawaska--Restigouche,39,Campbellton,8,52,46,39,8,153,324
Madawaska--Restigouche/Madawaska--Restigouche,40,Campbellton,9,60,35,20,3,127,281
Madawaska--Restigouche/Madawaska--Restigouche,41,Campbellton,10,133,60,46,5,254,454
Madawaska--Restigouche/Madawaska--Restigouche,42,Campbellton,8,99,61,37,5,210,411
Madawaska--Restigouche/Madawaska--Restigouche,43,Tide Head,7,103,59,72,10,251,423
Madawaska--Restigouche/Madawaska--Restigouche,44,Tide Head,6,117,69,79,9,280,345
Madawaska--Restigouche/Madawaska--Restigouche,45A,Atholville,6,67,45,29,6,153,271
Madawaska--Restigouche/Madawaska--Restigouche,45B,Atholville,Merged with No. 44,,,,,,100
Madawaska--Restigouche/Madawaska--Restigouche,46,Atholville,10,141,92,27,14,284,467
Madawaska--Restigouche/Madawaska--Restigouche,47,Atholville,16,119,62,40,9,246,419
Madawaska--Restigouche/Madawaska--Restigouche,48,Flatlands,4,50,27,55,0,136,216
Madawaska--Restigouche/Madawaska--Restigouche,49,Robinsonville,7,58,33,52,6,156,277
Madawaska--Restigouche/Madawaska--Restigouche,50,Glencoe,13,98,42,50,4,207,337
Madawaska--Restigouche/Madawaska--Restigouche,51,Glencoe,7,28,29,44,5,113,170
Madawaska--Restigouche/Madawaska--Restigouche,52A,Val-d'Amour,10,75,74,39,11,209,299
Madawaska--Restigouche/Madawaska--Restigouche,52B,Val-d'Amour,10,59,60,37,13,179,273
Madawaska--Restigouche/Madawaska--Restigouche,53,Val-d'Amour,3,30,13,13,3,62,101
Madawaska--Restigouche/Madawaska--Restigouche,54,Saint-Arthur,9,127,61,34,16,247,371
Madawaska--Restigouche/Madawaska--Restigouche,55,Saint-Arthur,7,101,23,20,12,163,245
Madawaska--Restigouche/Madawaska--Restigouche,56,Val-d'Amour,19,147,86,35,18,305,475
Madawaska--Restigouche/Madawaska--Restigouche,57,Maltais,13,144,98,34,26,315,498
Madawaska--Restigouche/Madawaska--Restigouche,58,Balmoral,14,114,110,43,17,298,461
Madawaska--Restigouche/Madawaska--Restigouche,59A,Balmoral,7,83,67,24,11,192,314
Madawaska--Restigouche/Madawaska--Restigouche,59B,Balmoral,7,67,62,31,0,167,297
Madawaska--Restigouche/Madawaska--Restigouche,59C,Mobile poll/Bureau itinérant,Merged with No. 502,,,,,,10
Madawaska--Restigouche/Madawaska--Restigouche,60,Balmoral,9,92,85,22,16,224,393
Madawaska--Restigouche/Madawaska--Restigouche,61,Balmoral,9,46,40,22,17,134,207
Madawaska--Restigouche/Madawaska--Restigouche,62A,Saint-Quentin,7,53,126,36,15,237,326
Madawaska--Restigouche/Madawaska--Restigouche,62B,Saint-Quentin,7,27,58,19,11,122,234
Madawaska--Restigouche/Madawaska--Restigouche,63,Saint-Quentin,5,60,77,22,14,178,311
Madawaska--Restigouche/Madawaska--Restigouche,64,Saint-Quentin,12,42,101,44,18,217,351
Madawaska--Restigouche/Madawaska--Restigouche,65,Saint-Quentin,10,39,84,26,13,172,350
Madawaska--Restigouche/Madawaska--Restigouche,66A,Saint-Quentin,6,46,125,23,9,209,412
Madawaska--Restigouche/Madawaska--Restigouche,66B,Saint-Quentin,1,18,74,21,30,144,299
Madawaska--Restigouche/Madawaska--Restigouche,67,Saint-Quentin,11,55,91,25,28,210,383
Madawaska--Restigouche/Madawaska--Restigouche,68,Saint-Quentin,5,38,103,41,23,210,423
Madawaska--Restigouche/Madawaska--Restigouche,69,Saint-Jean-Baptiste-de-Restigouche,10,80,69,11,0,170,307
Madawaska--Restigouche/Madawaska--Restigouche,70,Kedgwick-Ouest,12,97,112,25,2,248,399
Madawaska--Restigouche/Madawaska--Restigouche,71,Kedgwick,4,52,72,19,7,154,221
Madawaska--Restigouche/Madawaska--Restigouche,72,Kedgwick,5,110,145,15,13,288,436
Madawaska--Restigouche/Madawaska--Restigouche,73,Kedgwick,4,85,89,8,10,196,292
Madawaska--Restigouche/Madawaska--Restigouche,74,Kedgwick,5,75,41,9,10,140,259
Madawaska--Restigouche/Madawaska--Restigouche,75,Kedgwick,6,43,37,7,3,96,159
Madawaska--Restigouche/Madawaska--Restigouche,76,Saint-Joseph,4,62,72,19,2,159,298
Madawaska--Restigouche/Madawaska--Restigouche,77,Saint-Joseph,8,67,63,46,2,186,392
Madawaska--Restigouche/Madawaska--Restigouche,78,Saint-Joseph,8,75,56,37,8,184,365
Madawaska--Restigouche/Madawaska--Restigouche,79,Saint-Joseph,7,78,69,48,8,210,421
Madawaska--Restigouche/Madawaska--Restigouche,80,Sweeney Settlement,5,90,66,62,12,235,509
Madawaska--Restigouche/Madawaska--Restigouche,81,Saint-Jacques,4,43,34,37,0,118,223
Madawaska--Restigouche/Madawaska--Restigouche,82,Saint-Jacques,6,49,25,57,4,141,280
Madawaska--Restigouche/Madawaska--Restigouche,83,Saint-Jacques,17,87,43,59,7,213,445
Madawaska--Restigouche/Madawaska--Restigouche,84,Edmundston,2,47,46,58,10,163,313
Madawaska--Restigouche/Madawaska--Restigouche,85,Edmundston,5,58,30,43,4,140,298
Madawaska--Restigouche/Madawaska--Restigouche,86,Edmundston,4,46,22,24,3,99,212
Madawaska--Restigouche/Madawaska--Restigouche,87,Edmundston,4,73,40,42,16,175,353
Madawaska--Restigouche/Madawaska--Restigouche,88,Edmundston,3,46,28,35,5,117,213
Madawaska--Restigouche/Madawaska--Restigouche,89,Edmundston,9,65,52,41,7,174,308
Madawaska--Restigouche/Madawaska--Restigouche,90,Edmundston,3,65,49,40,5,162,308
Madawaska--Restigouche/Madawaska--Restigouche,91,Edmundston,6,87,51,65,5,214,446
Madawaska--Restigouche/Madawaska--Restigouche,92,Edmundston,2,123,58,45,9,237,403
Madawaska--Restigouche/Madawaska--Restigouche,93,Edmundston,4,95,45,33,2,179,316
Madawaska--Restigouche/Madawaska--Restigouche,94A,Edmundston,2,37,23,23,9,94,276
Madawaska--Restigouche/Madawaska--Restigouche,94B,Mobile poll/Bureau itinérant,Merged with No. 506,,,,,,68
Madawaska--Restigouche/Madawaska--Restigouche,95,Edmundston,9,64,31,11,5,120,204
Madawaska--Restigouche/Madawaska--Restigouche,96,Edmundston,9,101,47,75,2,234,459
Madawaska--Restigouche/Madawaska--Restigouche,97,Edmundston,4,94,29,50,9,186,355
Madawaska--Restigouche/Madawaska--Restigouche,98,Edmundston,4,128,27,57,1,217,392
Madawaska--Restigouche/Madawaska--Restigouche,99,Edmundston,2,85,47,45,4,183,347
Madawaska--Restigouche/Madawaska--Restigouche,100,Edmundston,2,68,31,41,5,147,345
Madawaska--Restigouche/Madawaska--Restigouche,101,Edmundston,5,73,41,41,3,163,380
Madawaska--Restigouche/Madawaska--Restigouche,102,Edmundston,7,94,32,49,6,188,455
Madawaska--Restigouche/Madawaska--Restigouche,103,Edmundston,6,54,36,39,2,137,350
Madawaska--Restigouche/Madawaska--Restigouche,104,Edmundston,5,25,18,35,2,85,272
Madawaska--Restigouche/Madawaska--Restigouche,105,Edmundston,3,77,39,29,3,151,348
Madawaska--Restigouche/Madawaska--Restigouche,106,Edmundston,7,79,43,54,11,194,424
Madawaska--Restigouche/Madawaska--Restigouche,107,Edmundston,4,69,27,55,4,159,331
Madawaska--Restigouche/Madawaska--Restigouche,108,Edmundston,1,51,16,35,1,104,217
Madawaska--Restigouche/Madawaska--Restigouche,109,Edmundston,0,116,36,51,3,206,396
Madawaska--Restigouche/Madawaska--Restigouche,110,Edmundston,5,101,46,45,8,205,489
Madawaska--Restigouche/Madawaska--Restigouche,111,Edmundston,2,47,22,37,3,111,447
Madawaska--Restigouche/Madawaska--Restigouche,112,Edmundston,3,68,34,49,1,155,355
Madawaska--Restigouche/Madawaska--Restigouche,113,Edmundston,6,76,37,45,5,169,347
Madawaska--Restigouche/Madawaska--Restigouche,114,Edmundston,7,89,49,43,7,195,427
Madawaska--Restigouche/Madawaska--Restigouche,115,Edmundston,10,56,30,49,2,147,323
Madawaska--Restigouche/Madawaska--Restigouche,116,Edmundston,4,41,21,29,6,101,268
Madawaska--Restigouche/Madawaska--Restigouche,117,Rivière-Verte,3,60,37,29,5,134,329
Madawaska--Restigouche/Madawaska--Restigouche,118,Rivière-Verte,1,23,30,16,9,79,196
Madawaska--Restigouche/Madawaska--Restigouche,119,Rivière-Verte,4,90,55,63,9,221,455
Madawaska--Restigouche/Madawaska--Restigouche,120,Rivière-Verte,4,69,67,51,8,199,381
Madawaska--Restigouche/Madawaska--Restigouche,121A,Saint-Basile,6,42,37,40,10,135,305
Madawaska--Restigouche/Madawaska--Restigouche,121B,Saint-Basile,7,33,26,24,2,92,226
Madawaska--Restigouche/Madawaska--Restigouche,122,Saint-Basile,6,65,48,38,10,167,353
Madawaska--Restigouche/Madawaska--Restigouche,123,Edmundston,4,85,53,46,4,192,410
Madawaska--Restigouche/Madawaska--Restigouche,124,Edmundston,5,43,28,29,9,114,179
Madawaska--Restigouche/Madawaska--Restigouche,125A,Edmundston,Merged with No. 126A,,,,,,24
Madawaska--Restigouche/Madawaska--Restigouche,125B,Edmundston,Merged with No. 126B,,,,,,28
Madawaska--Restigouche/Madawaska--Restigouche,126A,Edmundston,8,78,39,48,11,184,300
Madawaska--Restigouche/Madawaska--Restigouche,126B,Edmundston,8,81,35,32,10,166,246
Madawaska--Restigouche/Madawaska--Restigouche,127,Edmundston,7,97,55,53,10,222,412
Madawaska--Restigouche/Madawaska--Restigouche,128,Edmundston,5,95,49,60,15,224,419
Madawaska--Restigouche/Madawaska--Restigouche,129,Siegas,2,33,38,37,1,111,219
Madawaska--Restigouche/Madawaska--Restigouche,130,Sainte-Anne,6,64,48,38,4,160,331
Madawaska--Restigouche/Madawaska--Restigouche,131,Sainte-Anne-de-Madawaska,3,63,77,53,5,201,365
Madawaska--Restigouche/Madawaska--Restigouche,132,Sainte-Anne-de-Madawaska,0,85,76,60,7,228,469
Madawaska--Restigouche/Madawaska--Restigouche,133,Sainte-Anne,7,78,79,38,9,211,441
Madawaska--Restigouche/Madawaska--Restigouche,134,Notre-Dame-de-Lourdes,4,36,50,44,8,142,247
Madawaska--Restigouche/Madawaska--Restigouche,135,Saint-Léonard,3,27,25,53,5,113,244
Madawaska--Restigouche/Madawaska--Restigouche,136A,Saint-Léonard,6,37,42,64,10,159,305
Madawaska--Restigouche/Madawaska--Restigouche,136B,Saint-Léonard,4,37,25,44,4,114,232
Madawaska--Restigouche/Madawaska--Restigouche,137,Saint-Léonard,5,32,26,66,8,137,307
Madawaska--Restigouche/Madawaska--Restigouche,138,Saint-Léonard,8,58,53,71,8,198,434
Madawaska--Restigouche/Madawaska--Restigouche,139,Saint-Léonard,5,49,27,86,6,173,316
Madawaska--Restigouche/Madawaska--Restigouche,140,Edmundston,3,34,21,31,0,89,155
Madawaska--Restigouche/Madawaska--Restigouche,141,Edmundston,6,95,38,52,4,195,345
Madawaska--Restigouche/Madawaska--Restigouche,142,St. Hilaire,7,82,38,37,11,175,297
Madawaska--Restigouche/Madawaska--Restigouche,143,St. Hilaire,4,76,31,52,12,175,294
Madawaska--Restigouche/Madawaska--Restigouche,144,Baker Brook,10,87,33,42,7,179,327
Madawaska--Restigouche/Madawaska--Restigouche,145,Val-Lambert,2,25,10,32,0,69,148
Madawaska--Restigouche/Madawaska--Restigouche,146,Baker Brook,3,50,16,40,4,113,216
Madawaska--Restigouche/Madawaska--Restigouche,147,Lac-Baker,3,78,30,36,5,152,246
Madawaska--Restigouche/Madawaska--Restigouche,148,Lac-Baker,7,77,37,66,4,191,344
Madawaska--Restigouche/Madawaska--Restigouche,149,Clair,2,100,21,95,1,219,474
Madawaska--Restigouche/Madawaska--Restigouche,150,Clair,4,86,19,69,2,180,465
Madawaska--Restigouche/Madawaska--Restigouche,151,Saint-François,3,70,43,72,2,190,413
Madawaska--Restigouche/Madawaska--Restigouche,152,Saint-François de Madawaska,2,91,24,70,8,195,411
Madawaska--Restigouche/Madawaska--Restigouche,153,Connors,4,63,33,43,4,147,269
Madawaska--Restigouche/Madawaska--Restigouche,500,Mobile poll/Bureau itinérant,3,21,12,11,8,55,116
Madawaska--Restigouche/Madawaska--Restigouche,501,Mobile poll/Bureau itinérant,3,36,21,29,4,93,264
Madawaska--Restigouche/Madawaska--Restigouche,502,Mobile poll/Bureau itinérant,0,27,5,9,2,43,34
Madawaska--Restigouche/Madawaska--Restigouche,503,Mobile poll/Bureau itinérant,5,41,13,21,3,83,107
Madawaska--Restigouche/Madawaska--Restigouche,504,Mobile poll/Bureau itinérant,2,29,8,16,2,57,111
Madawaska--Restigouche/Madawaska--Restigouche,505,Mobile poll/Bureau itinérant,4,38,15,16,5,78,119
Madawaska--Restigouche/Madawaska--Restigouche,506,Mobile poll/Bureau itinérant,4,49,5,28,4,90,26
Madawaska--Restigouche/Madawaska--Restigouche,507,Mobile poll/Bureau itinérant,3,45,14,13,3,78,211
Madawaska--Restigouche/Madawaska--Restigouche,600,Dalhousie,14,238,109,86,8,455,
Madawaska--Restigouche/Madawaska--Restigouche,601,Eel River Crossing,7,72,37,32,2,150,
Madawaska--Restigouche/Madawaska--Restigouche,602,Campbellton,15,278,78,111,10,492,
Madawaska--Restigouche/Madawaska--Restigouche,603,Atholville,9,129,34,51,7,230,
Madawaska--Restigouche/Madawaska--Restigouche,604,Balmoral,10,60,26,27,6,129,
Madawaska--Restigouche/Madawaska--Restigouche,605,Saint-Quentin,5,41,26,28,3,103,
Madawaska--Restigouche/Madawaska--Restigouche,606,Kedgwick,7,59,28,13,1,108,
Madawaska--Restigouche/Madawaska--Restigouche,607,St. Jacques,8,144,53,127,8,340,
Madawaska--Restigouche/Madawaska--Restigouche,608,Edmundston,24,541,171,352,26,1114,
Madawaska--Restigouche/Madawaska--Restigouche,609,Rivière-Verte,9,88,32,62,10,201,
Madawaska--Restigouche/Madawaska--Restigouche,610,Saint-Léonard,4,91,32,68,7,202,
Madawaska--Restigouche/Madawaska--Restigouche,611,St. Hilaire,2,26,12,22,0,62,
Madawaska--Restigouche/Madawaska--Restigouche,612,Clair,3,45,9,56,1,114,
Madawaska--Restigouche/Madawaska--Restigouche,,Group 1/Groupe 1,5,47,13,67,1,133,346
Madawaska--Restigouche/Madawaska--Restigouche,,Group 2/Groupe 2,7,387,79,182,12,667,
