District,Poll Number,Poll Name,Claudette Bradshaw,Judith Hamel,Hélène Lapointe,Jean LeBlanc,Rejected Ballots,Total Vote,Electors
Moncton--Riverview--Dieppe/Moncton--Riverview--Dieppe,1,Moncton,105,11,28,90,1,235,419
Moncton--Riverview--Dieppe/Moncton--Riverview--Dieppe,2,Moncton,63,4,23,62,2,154,260
Moncton--Riverview--Dieppe/Moncton--Riverview--Dieppe,3,Moncton,81,2,27,30,1,141,250
Moncton--Riverview--Dieppe/Moncton--Riverview--Dieppe,4,Moncton,155,11,27,82,1,276,469
Moncton--Riverview--Dieppe/Moncton--Riverview--Dieppe,5,Moncton,153,6,18,75,1,253,455
Moncton--Riverview--Dieppe/Moncton--Riverview--Dieppe,6,Moncton,125,16,31,64,2,238,408
Moncton--Riverview--Dieppe/Moncton--Riverview--Dieppe,7,Moncton,97,13,20,46,1,177,326
Moncton--Riverview--Dieppe/Moncton--Riverview--Dieppe,8,Moncton,93,10,25,65,3,196,365
Moncton--Riverview--Dieppe/Moncton--Riverview--Dieppe,9,Moncton,108,6,38,45,2,199,426
Moncton--Riverview--Dieppe/Moncton--Riverview--Dieppe,10,Moncton,154,8,31,70,0,263,542
Moncton--Riverview--Dieppe/Moncton--Riverview--Dieppe,11,Moncton,109,6,12,54,0,181,296
Moncton--Riverview--Dieppe/Moncton--Riverview--Dieppe,12,Moncton,170,7,19,67,1,264,415
Moncton--Riverview--Dieppe/Moncton--Riverview--Dieppe,13,Moncton,170,7,31,49,4,261,455
Moncton--Riverview--Dieppe/Moncton--Riverview--Dieppe,14A,Moncton,106,10,22,60,1,199,373
Moncton--Riverview--Dieppe/Moncton--Riverview--Dieppe,14B,Moncton,112,7,30,51,0,200,365
Moncton--Riverview--Dieppe/Moncton--Riverview--Dieppe,15,Moncton,128,11,21,79,1,240,433
Moncton--Riverview--Dieppe/Moncton--Riverview--Dieppe,16,Moncton,48,4,25,21,0,98,294
Moncton--Riverview--Dieppe/Moncton--Riverview--Dieppe,17,Moncton,118,11,32,66,0,227,496
Moncton--Riverview--Dieppe/Moncton--Riverview--Dieppe,18,Moncton,106,5,31,51,2,195,413
Moncton--Riverview--Dieppe/Moncton--Riverview--Dieppe,19,Moncton,141,9,28,50,2,230,469
Moncton--Riverview--Dieppe/Moncton--Riverview--Dieppe,20,Moncton,76,10,38,39,0,163,362
Moncton--Riverview--Dieppe/Moncton--Riverview--Dieppe,21,Moncton,178,7,17,72,1,275,451
Moncton--Riverview--Dieppe/Moncton--Riverview--Dieppe,22,Moncton,37,3,9,21,1,71,252
Moncton--Riverview--Dieppe/Moncton--Riverview--Dieppe,23,Moncton,58,9,25,28,1,121,311
Moncton--Riverview--Dieppe/Moncton--Riverview--Dieppe,24,Moncton,172,17,21,69,2,281,430
Moncton--Riverview--Dieppe/Moncton--Riverview--Dieppe,25,Moncton,220,10,32,60,1,323,550
Moncton--Riverview--Dieppe/Moncton--Riverview--Dieppe,26,Moncton,101,5,24,58,1,189,459
Moncton--Riverview--Dieppe/Moncton--Riverview--Dieppe,27,Moncton,90,8,25,50,0,173,385
Moncton--Riverview--Dieppe/Moncton--Riverview--Dieppe,28,Moncton,90,7,26,39,0,162,399
Moncton--Riverview--Dieppe/Moncton--Riverview--Dieppe,29,Moncton,57,3,32,26,1,119,390
Moncton--Riverview--Dieppe/Moncton--Riverview--Dieppe,30,Moncton,63,5,27,22,4,121,296
Moncton--Riverview--Dieppe/Moncton--Riverview--Dieppe,31,Moncton,67,6,21,35,0,129,323
Moncton--Riverview--Dieppe/Moncton--Riverview--Dieppe,32,Moncton,115,4,33,41,3,196,450
Moncton--Riverview--Dieppe/Moncton--Riverview--Dieppe,33,Moncton,33,13,11,32,0,89,292
Moncton--Riverview--Dieppe/Moncton--Riverview--Dieppe,34A,Moncton,127,6,12,46,2,193,403
Moncton--Riverview--Dieppe/Moncton--Riverview--Dieppe,34B,Moncton,110,16,27,47,4,204,461
Moncton--Riverview--Dieppe/Moncton--Riverview--Dieppe,35A,Moncton,94,10,14,21,3,142,276
Moncton--Riverview--Dieppe/Moncton--Riverview--Dieppe,35B,Moncton,100,2,23,34,0,159,315
Moncton--Riverview--Dieppe/Moncton--Riverview--Dieppe,36,Moncton,106,10,40,53,1,210,375
Moncton--Riverview--Dieppe/Moncton--Riverview--Dieppe,37,Moncton,116,3,16,29,0,164,352
Moncton--Riverview--Dieppe/Moncton--Riverview--Dieppe,38,Moncton,113,10,36,21,2,182,439
Moncton--Riverview--Dieppe/Moncton--Riverview--Dieppe,39,Moncton,170,9,14,73,2,268,391
Moncton--Riverview--Dieppe/Moncton--Riverview--Dieppe,40,Moncton,107,7,24,19,1,158,284
Moncton--Riverview--Dieppe/Moncton--Riverview--Dieppe,41,Moncton,127,9,33,39,2,210,533
Moncton--Riverview--Dieppe/Moncton--Riverview--Dieppe,42,Moncton,88,9,28,45,2,172,365
Moncton--Riverview--Dieppe/Moncton--Riverview--Dieppe,43,Moncton,139,9,34,21,2,205,370
Moncton--Riverview--Dieppe/Moncton--Riverview--Dieppe,44,Moncton,88,12,28,27,0,155,382
Moncton--Riverview--Dieppe/Moncton--Riverview--Dieppe,45,Moncton,117,9,20,28,0,174,397
Moncton--Riverview--Dieppe/Moncton--Riverview--Dieppe,46,Moncton,88,11,32,14,2,147,290
Moncton--Riverview--Dieppe/Moncton--Riverview--Dieppe,47,Moncton,69,10,28,20,1,128,396
Moncton--Riverview--Dieppe/Moncton--Riverview--Dieppe,48,Moncton,110,14,45,44,1,214,433
Moncton--Riverview--Dieppe/Moncton--Riverview--Dieppe,49,Moncton,101,8,23,19,2,153,356
Moncton--Riverview--Dieppe/Moncton--Riverview--Dieppe,50,Moncton,92,16,25,19,1,153,350
Moncton--Riverview--Dieppe/Moncton--Riverview--Dieppe,51,Moncton,91,9,29,46,0,175,297
Moncton--Riverview--Dieppe/Moncton--Riverview--Dieppe,52,Moncton,145,25,31,27,2,230,411
Moncton--Riverview--Dieppe/Moncton--Riverview--Dieppe,53A,Moncton,86,17,26,14,0,143,295
Moncton--Riverview--Dieppe/Moncton--Riverview--Dieppe,53B,Moncton,73,17,24,17,2,133,276
Moncton--Riverview--Dieppe/Moncton--Riverview--Dieppe,54A,Moncton,70,8,19,22,0,119,282
Moncton--Riverview--Dieppe/Moncton--Riverview--Dieppe,54B,Moncton,73,5,11,13,1,103,280
Moncton--Riverview--Dieppe/Moncton--Riverview--Dieppe,55,Moncton,97,10,23,64,0,194,421
Moncton--Riverview--Dieppe/Moncton--Riverview--Dieppe,56,Moncton,214,17,35,68,2,336,509
Moncton--Riverview--Dieppe/Moncton--Riverview--Dieppe,57,Moncton,143,12,25,41,3,224,495
Moncton--Riverview--Dieppe/Moncton--Riverview--Dieppe,58,Moncton,181,6,50,51,9,297,533
Moncton--Riverview--Dieppe/Moncton--Riverview--Dieppe,59A,Moncton,103,7,36,31,1,178,318
Moncton--Riverview--Dieppe/Moncton--Riverview--Dieppe,59B,Moncton,87,9,24,32,2,154,304
Moncton--Riverview--Dieppe/Moncton--Riverview--Dieppe,60,Moncton,124,7,36,56,3,226,469
Moncton--Riverview--Dieppe/Moncton--Riverview--Dieppe,61,Moncton,184,13,40,82,4,323,521
Moncton--Riverview--Dieppe/Moncton--Riverview--Dieppe,62,Moncton,178,9,20,50,0,257,440
Moncton--Riverview--Dieppe/Moncton--Riverview--Dieppe,63A,Moncton,124,10,20,37,2,193,312
Moncton--Riverview--Dieppe/Moncton--Riverview--Dieppe,63B,Moncton,111,4,15,41,0,171,298
Moncton--Riverview--Dieppe/Moncton--Riverview--Dieppe,64,Moncton,142,16,33,66,6,263,430
Moncton--Riverview--Dieppe/Moncton--Riverview--Dieppe,65,Moncton,128,12,41,39,2,222,495
Moncton--Riverview--Dieppe/Moncton--Riverview--Dieppe,66,Moncton,33,4,10,16,2,65,256
Moncton--Riverview--Dieppe/Moncton--Riverview--Dieppe,67,Moncton,115,7,25,33,1,181,340
Moncton--Riverview--Dieppe/Moncton--Riverview--Dieppe,68,Moncton,169,8,25,43,2,247,489
Moncton--Riverview--Dieppe/Moncton--Riverview--Dieppe,69,Moncton,135,13,22,28,2,200,289
Moncton--Riverview--Dieppe/Moncton--Riverview--Dieppe,70,Moncton,119,6,37,47,1,210,386
Moncton--Riverview--Dieppe/Moncton--Riverview--Dieppe,71,Moncton,Merged with No. 72,,,,,,275
Moncton--Riverview--Dieppe/Moncton--Riverview--Dieppe,72,Moncton,203,11,41,52,4,311,299
Moncton--Riverview--Dieppe/Moncton--Riverview--Dieppe,73A,Moncton,52,9,16,16,3,96,265
Moncton--Riverview--Dieppe/Moncton--Riverview--Dieppe,73B,Moncton,79,10,26,10,2,127,306
Moncton--Riverview--Dieppe/Moncton--Riverview--Dieppe,74,Moncton,202,6,20,26,8,262,470
Moncton--Riverview--Dieppe/Moncton--Riverview--Dieppe,75,Moncton,94,12,31,23,2,162,461
Moncton--Riverview--Dieppe/Moncton--Riverview--Dieppe,76,Moncton,86,2,43,31,0,162,444
Moncton--Riverview--Dieppe/Moncton--Riverview--Dieppe,77,Moncton,101,8,22,34,2,167,356
Moncton--Riverview--Dieppe/Moncton--Riverview--Dieppe,78,Moncton,116,19,34,30,2,201,502
Moncton--Riverview--Dieppe/Moncton--Riverview--Dieppe,79,Moncton,107,12,16,22,2,159,289
Moncton--Riverview--Dieppe/Moncton--Riverview--Dieppe,80,Moncton,101,17,26,34,3,181,343
Moncton--Riverview--Dieppe/Moncton--Riverview--Dieppe,81,Moncton,87,11,31,30,0,159,367
Moncton--Riverview--Dieppe/Moncton--Riverview--Dieppe,82,Moncton,75,8,20,15,0,118,272
Moncton--Riverview--Dieppe/Moncton--Riverview--Dieppe,83,Moncton,114,6,36,27,5,188,391
Moncton--Riverview--Dieppe/Moncton--Riverview--Dieppe,84,Moncton,112,14,35,51,3,215,378
Moncton--Riverview--Dieppe/Moncton--Riverview--Dieppe,85,Moncton,99,6,25,47,3,180,304
Moncton--Riverview--Dieppe/Moncton--Riverview--Dieppe,86,Moncton,164,22,29,60,5,280,542
Moncton--Riverview--Dieppe/Moncton--Riverview--Dieppe,87,Moncton,113,15,33,48,2,211,425
Moncton--Riverview--Dieppe/Moncton--Riverview--Dieppe,88,Moncton,105,10,10,57,0,182,326
Moncton--Riverview--Dieppe/Moncton--Riverview--Dieppe,89,Moncton,98,14,26,55,0,193,367
Moncton--Riverview--Dieppe/Moncton--Riverview--Dieppe,90,Moncton,91,6,31,101,1,230,375
Moncton--Riverview--Dieppe/Moncton--Riverview--Dieppe,91,Moncton,62,8,30,41,1,142,382
Moncton--Riverview--Dieppe/Moncton--Riverview--Dieppe,92,Moncton,78,12,15,93,1,199,349
Moncton--Riverview--Dieppe/Moncton--Riverview--Dieppe,93,Moncton,91,6,20,61,2,180,390
Moncton--Riverview--Dieppe/Moncton--Riverview--Dieppe,94,Moncton,78,11,37,83,2,211,376
Moncton--Riverview--Dieppe/Moncton--Riverview--Dieppe,95,Moncton,134,5,16,85,1,241,441
Moncton--Riverview--Dieppe/Moncton--Riverview--Dieppe,96,Moncton,89,5,24,32,0,150,365
Moncton--Riverview--Dieppe/Moncton--Riverview--Dieppe,97,Moncton,120,12,32,34,0,198,420
Moncton--Riverview--Dieppe/Moncton--Riverview--Dieppe,98,Moncton,101,8,23,29,1,162,379
Moncton--Riverview--Dieppe/Moncton--Riverview--Dieppe,99,Moncton,144,8,42,37,0,231,499
Moncton--Riverview--Dieppe/Moncton--Riverview--Dieppe,100,Moncton,108,9,23,23,0,163,397
Moncton--Riverview--Dieppe/Moncton--Riverview--Dieppe,101,Moncton,111,15,35,20,0,181,416
Moncton--Riverview--Dieppe/Moncton--Riverview--Dieppe,102,Moncton,91,17,31,40,0,179,426
Moncton--Riverview--Dieppe/Moncton--Riverview--Dieppe,103,Moncton,108,15,24,20,0,167,346
Moncton--Riverview--Dieppe/Moncton--Riverview--Dieppe,104,Moncton,121,15,32,31,0,199,398
Moncton--Riverview--Dieppe/Moncton--Riverview--Dieppe,105,Moncton,81,11,15,13,0,120,318
Moncton--Riverview--Dieppe/Moncton--Riverview--Dieppe,106,Moncton,100,12,25,17,1,155,365
Moncton--Riverview--Dieppe/Moncton--Riverview--Dieppe,107,Moncton,61,10,27,21,3,122,333
Moncton--Riverview--Dieppe/Moncton--Riverview--Dieppe,108,Moncton,72,6,15,13,0,106,308
Moncton--Riverview--Dieppe/Moncton--Riverview--Dieppe,109,Moncton,63,5,15,22,1,106,307
Moncton--Riverview--Dieppe/Moncton--Riverview--Dieppe,110,Moncton,74,11,34,17,0,136,403
Moncton--Riverview--Dieppe/Moncton--Riverview--Dieppe,111,Moncton,102,6,18,27,0,153,399
Moncton--Riverview--Dieppe/Moncton--Riverview--Dieppe,112,Moncton,108,14,27,27,3,179,426
Moncton--Riverview--Dieppe/Moncton--Riverview--Dieppe,113A,Moncton,50,10,11,23,0,94,254
Moncton--Riverview--Dieppe/Moncton--Riverview--Dieppe,113B,Moncton,58,9,18,22,1,108,280
Moncton--Riverview--Dieppe/Moncton--Riverview--Dieppe,114,Moncton,83,11,9,43,1,147,366
Moncton--Riverview--Dieppe/Moncton--Riverview--Dieppe,115,Moncton,105,8,29,40,4,186,461
Moncton--Riverview--Dieppe/Moncton--Riverview--Dieppe,116,Moncton,79,10,32,36,0,157,424
Moncton--Riverview--Dieppe/Moncton--Riverview--Dieppe,117A,Moncton,58,11,11,33,1,114,277
Moncton--Riverview--Dieppe/Moncton--Riverview--Dieppe,117B,Moncton,79,8,21,41,1,150,286
Moncton--Riverview--Dieppe/Moncton--Riverview--Dieppe,118,Moncton,102,14,30,55,0,201,370
Moncton--Riverview--Dieppe/Moncton--Riverview--Dieppe,119,Moncton,109,8,24,59,0,200,362
Moncton--Riverview--Dieppe/Moncton--Riverview--Dieppe,120,Moncton,75,4,6,43,1,129,215
Moncton--Riverview--Dieppe/Moncton--Riverview--Dieppe,121,Moncton,102,5,18,77,1,203,356
Moncton--Riverview--Dieppe/Moncton--Riverview--Dieppe,122,Moncton,145,7,20,97,4,273,463
Moncton--Riverview--Dieppe/Moncton--Riverview--Dieppe,123A,Moncton,95,6,16,52,1,170,288
Moncton--Riverview--Dieppe/Moncton--Riverview--Dieppe,123B,Moncton,88,3,15,54,0,160,298
Moncton--Riverview--Dieppe/Moncton--Riverview--Dieppe,124A,Moncton,99,4,24,47,1,175,295
Moncton--Riverview--Dieppe/Moncton--Riverview--Dieppe,124B,Moncton,103,7,23,63,1,197,298
Moncton--Riverview--Dieppe/Moncton--Riverview--Dieppe,125,Moncton,106,10,34,69,2,221,371
Moncton--Riverview--Dieppe/Moncton--Riverview--Dieppe,126,Moncton,87,6,25,33,1,152,353
Moncton--Riverview--Dieppe/Moncton--Riverview--Dieppe,127,Riverview,133,11,32,93,1,270,532
Moncton--Riverview--Dieppe/Moncton--Riverview--Dieppe,128,Riverview,153,9,33,96,1,292,516
Moncton--Riverview--Dieppe/Moncton--Riverview--Dieppe,129,Riverview,70,14,27,71,1,183,343
Moncton--Riverview--Dieppe/Moncton--Riverview--Dieppe,130,Riverview,72,10,46,56,1,185,379
Moncton--Riverview--Dieppe/Moncton--Riverview--Dieppe,131,Riverview,92,7,32,51,1,183,307
Moncton--Riverview--Dieppe/Moncton--Riverview--Dieppe,132,Riverview,91,8,27,66,3,195,354
Moncton--Riverview--Dieppe/Moncton--Riverview--Dieppe,133,Riverview,93,12,25,82,1,213,486
Moncton--Riverview--Dieppe/Moncton--Riverview--Dieppe,134,Riverview,65,9,22,48,2,146,267
Moncton--Riverview--Dieppe/Moncton--Riverview--Dieppe,135,Riverview,130,17,37,99,0,283,486
Moncton--Riverview--Dieppe/Moncton--Riverview--Dieppe,136,Riverview,90,5,28,58,3,184,324
Moncton--Riverview--Dieppe/Moncton--Riverview--Dieppe,137,Riverview,94,4,22,42,1,163,302
Moncton--Riverview--Dieppe/Moncton--Riverview--Dieppe,138,Riverview,122,7,23,108,0,260,426
Moncton--Riverview--Dieppe/Moncton--Riverview--Dieppe,139,Riverview,77,8,23,69,1,178,360
Moncton--Riverview--Dieppe/Moncton--Riverview--Dieppe,140,Riverview,101,7,25,68,0,201,446
Moncton--Riverview--Dieppe/Moncton--Riverview--Dieppe,141,Riverview,133,19,28,104,1,285,472
Moncton--Riverview--Dieppe/Moncton--Riverview--Dieppe,142,Riverview,106,11,27,71,1,216,359
Moncton--Riverview--Dieppe/Moncton--Riverview--Dieppe,143,Riverview,132,7,21,85,3,248,385
Moncton--Riverview--Dieppe/Moncton--Riverview--Dieppe,144,Riverview,86,9,16,75,1,187,354
Moncton--Riverview--Dieppe/Moncton--Riverview--Dieppe,145,Riverview,119,12,21,94,3,249,429
Moncton--Riverview--Dieppe/Moncton--Riverview--Dieppe,146,Riverview,98,9,29,63,0,199,386
Moncton--Riverview--Dieppe/Moncton--Riverview--Dieppe,147,Dieppe,150,13,32,37,3,235,469
Moncton--Riverview--Dieppe/Moncton--Riverview--Dieppe,148,Dieppe,177,7,34,21,5,244,399
Moncton--Riverview--Dieppe/Moncton--Riverview--Dieppe,149,Dieppe,75,3,10,13,2,103,250
Moncton--Riverview--Dieppe/Moncton--Riverview--Dieppe,150,Dieppe,138,10,23,26,4,201,343
Moncton--Riverview--Dieppe/Moncton--Riverview--Dieppe,151,Dieppe,228,12,28,41,1,310,518
Moncton--Riverview--Dieppe/Moncton--Riverview--Dieppe,152A,Dieppe,196,6,21,42,0,265,371
Moncton--Riverview--Dieppe/Moncton--Riverview--Dieppe,152B,Dieppe,167,8,17,16,2,210,327
Moncton--Riverview--Dieppe/Moncton--Riverview--Dieppe,153,Dieppe,213,18,24,34,2,291,490
Moncton--Riverview--Dieppe/Moncton--Riverview--Dieppe,154,Dieppe,229,9,42,43,2,325,554
Moncton--Riverview--Dieppe/Moncton--Riverview--Dieppe,155,Dieppe,205,17,34,59,3,318,533
Moncton--Riverview--Dieppe/Moncton--Riverview--Dieppe,156A,Dieppe,116,2,23,23,1,165,338
Moncton--Riverview--Dieppe/Moncton--Riverview--Dieppe,156B,Dieppe,78,11,38,23,2,152,339
Moncton--Riverview--Dieppe/Moncton--Riverview--Dieppe,157,Dieppe,106,10,20,21,0,157,377
Moncton--Riverview--Dieppe/Moncton--Riverview--Dieppe,158,Dieppe,116,6,28,30,2,182,352
Moncton--Riverview--Dieppe/Moncton--Riverview--Dieppe,159,Dieppe,138,5,21,16,2,182,278
Moncton--Riverview--Dieppe/Moncton--Riverview--Dieppe,160,Dieppe,175,15,18,18,2,228,326
Moncton--Riverview--Dieppe/Moncton--Riverview--Dieppe,161A,Dieppe,151,14,23,26,1,215,384
Moncton--Riverview--Dieppe/Moncton--Riverview--Dieppe,161B,Dieppe,176,13,24,35,1,249,372
Moncton--Riverview--Dieppe/Moncton--Riverview--Dieppe,162A,Dieppe,125,12,14,37,1,189,322
Moncton--Riverview--Dieppe/Moncton--Riverview--Dieppe,162B,Dieppe,120,7,20,27,0,174,307
Moncton--Riverview--Dieppe/Moncton--Riverview--Dieppe,163,Dieppe,273,13,56,44,3,389,568
Moncton--Riverview--Dieppe/Moncton--Riverview--Dieppe,164,Dieppe,219,13,31,32,2,297,430
Moncton--Riverview--Dieppe/Moncton--Riverview--Dieppe,165A,Dieppe,185,8,7,33,1,234,367
Moncton--Riverview--Dieppe/Moncton--Riverview--Dieppe,165B,Dieppe,165,7,14,29,2,217,331
Moncton--Riverview--Dieppe/Moncton--Riverview--Dieppe,166,Dieppe,245,12,50,52,5,364,605
Moncton--Riverview--Dieppe/Moncton--Riverview--Dieppe,167,Dieppe,173,14,41,43,4,275,452
Moncton--Riverview--Dieppe/Moncton--Riverview--Dieppe,168,Dieppe,129,11,24,41,4,209,357
Moncton--Riverview--Dieppe/Moncton--Riverview--Dieppe,169,Dieppe,126,10,28,35,1,200,338
Moncton--Riverview--Dieppe/Moncton--Riverview--Dieppe,400,Moncton,150,8,19,90,0,267,372
Moncton--Riverview--Dieppe/Moncton--Riverview--Dieppe,500,Mobile poll/Bureau itinérant,70,2,5,25,0,102,175
Moncton--Riverview--Dieppe/Moncton--Riverview--Dieppe,501,Mobile poll/Bureau itinérant,44,0,8,18,0,70,123
Moncton--Riverview--Dieppe/Moncton--Riverview--Dieppe,502,Mobile poll/Bureau itinérant,78,1,4,25,0,108,148
Moncton--Riverview--Dieppe/Moncton--Riverview--Dieppe,503,Mobile poll/Bureau itinérant,49,4,5,21,0,79,126
Moncton--Riverview--Dieppe/Moncton--Riverview--Dieppe,504,Mobile poll/Bureau itinérant,51,8,6,29,2,96,235
Moncton--Riverview--Dieppe/Moncton--Riverview--Dieppe,505,Mobile poll/Bureau itinérant,34,2,2,17,0,55,148
Moncton--Riverview--Dieppe/Moncton--Riverview--Dieppe,506,Mobile poll/Bureau itinérant,60,5,3,23,4,95,163
Moncton--Riverview--Dieppe/Moncton--Riverview--Dieppe,507,Mobile poll/Bureau itinérant,68,2,4,33,1,108,166
Moncton--Riverview--Dieppe/Moncton--Riverview--Dieppe,600,Moncton,356,17,58,187,2,620,
Moncton--Riverview--Dieppe/Moncton--Riverview--Dieppe,601,Moncton,329,13,57,157,0,556,
Moncton--Riverview--Dieppe/Moncton--Riverview--Dieppe,602,Moncton,309,23,45,112,5,494,
Moncton--Riverview--Dieppe/Moncton--Riverview--Dieppe,603,Moncton,572,24,107,240,12,955,
Moncton--Riverview--Dieppe/Moncton--Riverview--Dieppe,604,Moncton,450,39,57,223,5,774,
Moncton--Riverview--Dieppe/Moncton--Riverview--Dieppe,605,Riverview,324,27,42,236,2,631,
Moncton--Riverview--Dieppe/Moncton--Riverview--Dieppe,606,Moncton,625,35,68,139,7,874,
Moncton--Riverview--Dieppe/Moncton--Riverview--Dieppe,,Group 1/Groupe 1,84,6,13,63,7,173,369
Moncton--Riverview--Dieppe/Moncton--Riverview--Dieppe,,Group 2/Groupe 2,357,19,56,175,8,615,
