District,Poll Number,Poll Name,Gary Dale,Tim Dobson,Dan McTeague,Matthew Pollesel,Rejected Ballots,Total Vote,Electors
Pickering--Scarborough East/Pickering--Scarborough-Est,1,Pickering,34,76,166,11,0,287,505
Pickering--Scarborough East/Pickering--Scarborough-Est,2,Pickering,27,41,96,11,1,176,427
Pickering--Scarborough East/Pickering--Scarborough-Est,3,Pickering,39,52,112,10,0,213,457
Pickering--Scarborough East/Pickering--Scarborough-Est,4,Pickering,36,58,94,14,0,202,394
Pickering--Scarborough East/Pickering--Scarborough-Est,5,Pickering,20,76,111,11,1,219,396
Pickering--Scarborough East/Pickering--Scarborough-Est,6,Pickering,38,50,127,11,2,228,477
Pickering--Scarborough East/Pickering--Scarborough-Est,7,Pickering,18,42,107,10,1,178,276
Pickering--Scarborough East/Pickering--Scarborough-Est,8,Pickering,27,45,81,10,1,164,525
Pickering--Scarborough East/Pickering--Scarborough-Est,9,Pickering,24,68,103,18,0,213,407
Pickering--Scarborough East/Pickering--Scarborough-Est,10,Pickering,46,66,87,15,0,214,359
Pickering--Scarborough East/Pickering--Scarborough-Est,11,Pickering,34,73,91,14,1,213,366
Pickering--Scarborough East/Pickering--Scarborough-Est,12,Pickering,22,61,124,12,3,222,479
Pickering--Scarborough East/Pickering--Scarborough-Est,13,Pickering,31,66,89,15,1,202,369
Pickering--Scarborough East/Pickering--Scarborough-Est,14,Pickering,53,119,108,11,0,291,464
Pickering--Scarborough East/Pickering--Scarborough-Est,15,Pickering,39,80,98,15,4,236,398
Pickering--Scarborough East/Pickering--Scarborough-Est,16,Pickering,18,49,90,5,0,162,296
Pickering--Scarborough East/Pickering--Scarborough-Est,17,Pickering,32,111,174,11,0,328,490
Pickering--Scarborough East/Pickering--Scarborough-Est,18,Pickering,15,48,74,12,1,150,253
Pickering--Scarborough East/Pickering--Scarborough-Est,19,Pickering,17,66,150,11,1,245,403
Pickering--Scarborough East/Pickering--Scarborough-Est,20,Pickering,29,65,110,15,0,219,377
Pickering--Scarborough East/Pickering--Scarborough-Est,21,Pickering,20,88,176,8,2,294,458
Pickering--Scarborough East/Pickering--Scarborough-Est,22,Pickering,43,115,182,22,3,365,585
Pickering--Scarborough East/Pickering--Scarborough-Est,23,Pickering,18,91,129,6,3,247,446
Pickering--Scarborough East/Pickering--Scarborough-Est,24,Pickering,35,79,139,11,0,264,439
Pickering--Scarborough East/Pickering--Scarborough-Est,25,Pickering,38,80,174,14,2,308,465
Pickering--Scarborough East/Pickering--Scarborough-Est,26,Pickering,32,68,123,10,1,234,401
Pickering--Scarborough East/Pickering--Scarborough-Est,27,Pickering,33,81,143,14,3,274,453
Pickering--Scarborough East/Pickering--Scarborough-Est,28,Pickering,22,72,110,10,1,215,349
Pickering--Scarborough East/Pickering--Scarborough-Est,29,Pickering,30,50,105,2,0,187,367
Pickering--Scarborough East/Pickering--Scarborough-Est,30,Pickering,41,93,139,10,0,283,500
Pickering--Scarborough East/Pickering--Scarborough-Est,31A,Pickering,26,41,80,8,0,155,280
Pickering--Scarborough East/Pickering--Scarborough-Est,31B,Pickering,29,35,82,7,1,154,266
Pickering--Scarborough East/Pickering--Scarborough-Est,32,Pickering,30,62,123,4,1,220,367
Pickering--Scarborough East/Pickering--Scarborough-Est,33,Pickering,20,44,87,9,3,163,303
Pickering--Scarborough East/Pickering--Scarborough-Est,34,Pickering,33,73,107,8,0,221,377
Pickering--Scarborough East/Pickering--Scarborough-Est,35,Pickering,30,72,107,14,1,224,438
Pickering--Scarborough East/Pickering--Scarborough-Est,36,Pickering,38,68,92,11,0,209,359
Pickering--Scarborough East/Pickering--Scarborough-Est,37,Pickering,21,87,112,12,0,232,368
Pickering--Scarborough East/Pickering--Scarborough-Est,38,Pickering,34,80,120,9,2,245,381
Pickering--Scarborough East/Pickering--Scarborough-Est,39,Pickering,39,89,131,13,0,272,382
Pickering--Scarborough East/Pickering--Scarborough-Est,40,Pickering,17,52,55,7,0,131,241
Pickering--Scarborough East/Pickering--Scarborough-Est,41,Pickering,47,95,157,11,2,312,519
Pickering--Scarborough East/Pickering--Scarborough-Est,42,Pickering,20,74,100,12,1,207,317
Pickering--Scarborough East/Pickering--Scarborough-Est,43,Pickering,19,117,154,8,0,298,499
Pickering--Scarborough East/Pickering--Scarborough-Est,44,Pickering,22,61,145,12,2,242,391
Pickering--Scarborough East/Pickering--Scarborough-Est,45,Pickering,28,111,182,14,3,338,500
Pickering--Scarborough East/Pickering--Scarborough-Est,46,Pickering,32,75,189,19,2,317,492
Pickering--Scarborough East/Pickering--Scarborough-Est,47,Pickering,17,82,172,11,0,282,485
Pickering--Scarborough East/Pickering--Scarborough-Est,48,Pickering,24,56,122,8,1,211,331
Pickering--Scarborough East/Pickering--Scarborough-Est,49,Pickering,10,48,61,9,0,128,234
Pickering--Scarborough East/Pickering--Scarborough-Est,50,Pickering,23,87,162,19,2,293,442
Pickering--Scarborough East/Pickering--Scarborough-Est,51,Pickering,26,85,153,16,1,281,495
Pickering--Scarborough East/Pickering--Scarborough-Est,52,Pickering,36,81,100,10,0,227,413
Pickering--Scarborough East/Pickering--Scarborough-Est,53,Pickering,14,71,119,11,0,215,355
Pickering--Scarborough East/Pickering--Scarborough-Est,54,Pickering,15,42,76,15,0,148,273
Pickering--Scarborough East/Pickering--Scarborough-Est,55,Pickering,27,60,112,11,2,212,361
Pickering--Scarborough East/Pickering--Scarborough-Est,56,Pickering,28,92,132,18,1,271,431
Pickering--Scarborough East/Pickering--Scarborough-Est,57,Pickering,35,98,133,10,1,277,427
Pickering--Scarborough East/Pickering--Scarborough-Est,58,Pickering,17,72,129,4,0,222,348
Pickering--Scarborough East/Pickering--Scarborough-Est,59,Pickering,26,102,202,11,4,345,505
Pickering--Scarborough East/Pickering--Scarborough-Est,60,Pickering,36,96,172,18,0,322,529
Pickering--Scarborough East/Pickering--Scarborough-Est,61,Pickering,12,74,107,7,0,200,301
Pickering--Scarborough East/Pickering--Scarborough-Est,62,Pickering,18,65,91,9,0,183,291
Pickering--Scarborough East/Pickering--Scarborough-Est,63,Pickering,18,90,141,12,2,263,440
Pickering--Scarborough East/Pickering--Scarborough-Est,64,Pickering,23,99,116,18,0,256,410
Pickering--Scarborough East/Pickering--Scarborough-Est,65,Pickering,25,56,65,10,1,157,295
Pickering--Scarborough East/Pickering--Scarborough-Est,66,Pickering,32,57,144,7,1,241,485
Pickering--Scarborough East/Pickering--Scarborough-Est,67,Pickering,22,48,135,9,0,214,379
Pickering--Scarborough East/Pickering--Scarborough-Est,68A,Pickering,12,55,81,5,1,154,275
Pickering--Scarborough East/Pickering--Scarborough-Est,68B,Pickering,6,35,111,4,0,156,267
Pickering--Scarborough East/Pickering--Scarborough-Est,69,Pickering,32,44,96,13,0,185,344
Pickering--Scarborough East/Pickering--Scarborough-Est,70,Pickering,20,41,132,7,0,200,349
Pickering--Scarborough East/Pickering--Scarborough-Est,71,Pickering,17,95,142,5,0,259,470
Pickering--Scarborough East/Pickering--Scarborough-Est,72,Pickering,37,70,202,8,0,317,512
Pickering--Scarborough East/Pickering--Scarborough-Est,73,Pickering,18,53,122,9,0,202,347
Pickering--Scarborough East/Pickering--Scarborough-Est,74,Pickering,19,48,101,4,0,172,317
Pickering--Scarborough East/Pickering--Scarborough-Est,75A,Pickering,19,62,107,14,0,202,370
Pickering--Scarborough East/Pickering--Scarborough-Est,75B,Pickering,30,69,106,8,0,213,360
Pickering--Scarborough East/Pickering--Scarborough-Est,76,Pickering,33,80,209,6,0,328,515
Pickering--Scarborough East/Pickering--Scarborough-Est,77,Pickering,39,85,145,9,0,278,541
Pickering--Scarborough East/Pickering--Scarborough-Est,78,Pickering,38,81,222,17,0,358,593
Pickering--Scarborough East/Pickering--Scarborough-Est,79,Pickering,21,54,141,6,0,222,341
Pickering--Scarborough East/Pickering--Scarborough-Est,80,Pickering,26,70,145,11,2,254,416
Pickering--Scarborough East/Pickering--Scarborough-Est,81,Pickering,11,56,106,6,0,179,306
Pickering--Scarborough East/Pickering--Scarborough-Est,82,Pickering,30,45,115,7,0,197,324
Pickering--Scarborough East/Pickering--Scarborough-Est,83,Pickering,18,63,200,11,0,292,484
Pickering--Scarborough East/Pickering--Scarborough-Est,84,Pickering,26,77,130,11,0,244,456
Pickering--Scarborough East/Pickering--Scarborough-Est,85,Pickering,26,80,219,7,1,333,531
Pickering--Scarborough East/Pickering--Scarborough-Est,86,Pickering,17,77,157,5,1,257,394
Pickering--Scarborough East/Pickering--Scarborough-Est,87,Pickering,41,82,180,11,0,314,490
Pickering--Scarborough East/Pickering--Scarborough-Est,88,Pickering,11,105,207,14,2,339,577
Pickering--Scarborough East/Pickering--Scarborough-Est,89,Pickering,31,81,155,14,1,282,466
Pickering--Scarborough East/Pickering--Scarborough-Est,90A,Pickering,17,58,96,8,0,179,298
Pickering--Scarborough East/Pickering--Scarborough-Est,90B,Pickering,25,25,89,7,2,148,292
Pickering--Scarborough East/Pickering--Scarborough-Est,91,Pickering,10,37,107,12,0,166,331
Pickering--Scarborough East/Pickering--Scarborough-Est,92,Pickering,28,65,71,17,0,181,333
Pickering--Scarborough East/Pickering--Scarborough-Est,93,Pickering,26,61,139,18,1,245,462
Pickering--Scarborough East/Pickering--Scarborough-Est,94,Pickering,21,51,92,1,0,165,231
Pickering--Scarborough East/Pickering--Scarborough-Est,95,Pickering,20,63,182,13,3,281,433
Pickering--Scarborough East/Pickering--Scarborough-Est,96,Pickering,15,57,151,9,0,232,389
Pickering--Scarborough East/Pickering--Scarborough-Est,97,Pickering,9,61,62,6,0,138,214
Pickering--Scarborough East/Pickering--Scarborough-Est,98,Pickering,25,125,178,11,0,339,519
Pickering--Scarborough East/Pickering--Scarborough-Est,99A,Scarborough,24,33,98,3,4,162,313
Pickering--Scarborough East/Pickering--Scarborough-Est,99B,Scarborough,19,37,124,4,0,184,319
Pickering--Scarborough East/Pickering--Scarborough-Est,100,Scarborough,Void,,,,,,
Pickering--Scarborough East/Pickering--Scarborough-Est,101,Scarborough,29,44,173,5,0,251,426
Pickering--Scarborough East/Pickering--Scarborough-Est,102,Scarborough,21,39,168,12,1,241,435
Pickering--Scarborough East/Pickering--Scarborough-Est,103,Scarborough,32,33,133,4,0,202,426
Pickering--Scarborough East/Pickering--Scarborough-Est,104A,Scarborough,13,20,30,3,0,66,206
Pickering--Scarborough East/Pickering--Scarborough-Est,104B,Scarborough,31,25,126,4,2,188,374
Pickering--Scarborough East/Pickering--Scarborough-Est,104C,Scarborough,16,23,82,2,0,123,292
Pickering--Scarborough East/Pickering--Scarborough-Est,105,Scarborough,28,54,145,8,0,235,382
Pickering--Scarborough East/Pickering--Scarborough-Est,106,Scarborough,41,46,166,5,2,260,476
Pickering--Scarborough East/Pickering--Scarborough-Est,107,Scarborough,50,55,133,8,0,246,387
Pickering--Scarborough East/Pickering--Scarborough-Est,108,Scarborough,Merged with No. 107,,,,,,55
Pickering--Scarborough East/Pickering--Scarborough-Est,109A,Scarborough,37,23,67,2,0,129,303
Pickering--Scarborough East/Pickering--Scarborough-Est,109B,Scarborough,27,34,40,5,4,110,272
Pickering--Scarborough East/Pickering--Scarborough-Est,110,Scarborough,22,59,199,1,2,283,494
Pickering--Scarborough East/Pickering--Scarborough-Est,111,Scarborough,12,43,113,3,0,171,311
Pickering--Scarborough East/Pickering--Scarborough-Est,112,Scarborough,25,35,132,5,0,197,317
Pickering--Scarborough East/Pickering--Scarborough-Est,113A,Scarborough,28,16,122,4,0,170,323
Pickering--Scarborough East/Pickering--Scarborough-Est,113B,Scarborough,23,28,133,4,1,189,352
Pickering--Scarborough East/Pickering--Scarborough-Est,114A,Scarborough,14,21,112,0,0,147,269
Pickering--Scarborough East/Pickering--Scarborough-Est,114B,Scarborough,21,22,117,4,1,165,327
Pickering--Scarborough East/Pickering--Scarborough-Est,115,Scarborough,25,37,219,8,0,289,455
Pickering--Scarborough East/Pickering--Scarborough-Est,116,Scarborough,29,36,108,6,3,182,320
Pickering--Scarborough East/Pickering--Scarborough-Est,116-1,Scarborough,54,56,187,10,0,307,540
Pickering--Scarborough East/Pickering--Scarborough-Est,117,Scarborough,22,23,92,6,1,144,244
Pickering--Scarborough East/Pickering--Scarborough-Est,118,Scarborough,47,38,203,8,2,298,549
Pickering--Scarborough East/Pickering--Scarborough-Est,119,Scarborough,45,55,216,3,2,321,583
Pickering--Scarborough East/Pickering--Scarborough-Est,120,Scarborough,23,20,158,4,0,205,413
Pickering--Scarborough East/Pickering--Scarborough-Est,121,Scarborough,22,44,141,7,2,216,387
Pickering--Scarborough East/Pickering--Scarborough-Est,122,Scarborough,25,41,185,7,2,260,429
Pickering--Scarborough East/Pickering--Scarborough-Est,123,Scarborough,34,45,219,8,0,306,518
Pickering--Scarborough East/Pickering--Scarborough-Est,124,Scarborough,33,32,125,5,0,195,362
Pickering--Scarborough East/Pickering--Scarborough-Est,125,Scarborough,21,40,151,4,1,217,374
Pickering--Scarborough East/Pickering--Scarborough-Est,126,Scarborough,23,21,117,8,2,171,345
Pickering--Scarborough East/Pickering--Scarborough-Est,127,Scarborough,9,34,113,5,0,161,274
Pickering--Scarborough East/Pickering--Scarborough-Est,128,Scarborough,31,73,168,11,1,284,546
Pickering--Scarborough East/Pickering--Scarborough-Est,129,Scarborough,37,80,196,10,1,324,542
Pickering--Scarborough East/Pickering--Scarborough-Est,130,Scarborough,31,85,166,12,1,295,528
Pickering--Scarborough East/Pickering--Scarborough-Est,131,Scarborough,31,68,194,3,0,296,517
Pickering--Scarborough East/Pickering--Scarborough-Est,132,Scarborough,17,65,181,3,1,267,436
Pickering--Scarborough East/Pickering--Scarborough-Est,133,Scarborough,30,82,137,14,1,264,534
Pickering--Scarborough East/Pickering--Scarborough-Est,134,Scarborough,22,55,95,8,0,180,287
Pickering--Scarborough East/Pickering--Scarborough-Est,135,Scarborough,10,52,104,2,0,168,339
Pickering--Scarborough East/Pickering--Scarborough-Est,136,Scarborough,8,35,64,2,0,109,201
Pickering--Scarborough East/Pickering--Scarborough-Est,137,Scarborough,21,56,113,3,2,195,361
Pickering--Scarborough East/Pickering--Scarborough-Est,138,Scarborough,30,66,162,6,0,264,447
Pickering--Scarborough East/Pickering--Scarborough-Est,139,Scarborough,18,33,97,9,1,158,289
Pickering--Scarborough East/Pickering--Scarborough-Est,140,Scarborough,18,63,129,9,1,220,380
Pickering--Scarborough East/Pickering--Scarborough-Est,141,Scarborough,40,86,114,17,0,257,427
Pickering--Scarborough East/Pickering--Scarborough-Est,142,Scarborough,28,87,138,12,1,266,417
Pickering--Scarborough East/Pickering--Scarborough-Est,143,Scarborough,24,69,178,5,0,276,414
Pickering--Scarborough East/Pickering--Scarborough-Est,144,Scarborough,28,63,165,8,1,265,409
Pickering--Scarborough East/Pickering--Scarborough-Est,145,Scarborough,25,93,144,12,1,275,404
Pickering--Scarborough East/Pickering--Scarborough-Est,146,Scarborough,43,68,130,7,1,249,387
Pickering--Scarborough East/Pickering--Scarborough-Est,147A,Scarborough,20,37,77,5,3,142,276
Pickering--Scarborough East/Pickering--Scarborough-Est,147B,Scarborough,13,55,77,5,2,152,288
Pickering--Scarborough East/Pickering--Scarborough-Est,148,Scarborough,42,58,163,11,1,275,514
Pickering--Scarborough East/Pickering--Scarborough-Est,149,Scarborough,32,95,145,11,1,284,446
Pickering--Scarborough East/Pickering--Scarborough-Est,150,Scarborough,26,47,122,7,1,203,326
Pickering--Scarborough East/Pickering--Scarborough-Est,151,Scarborough,21,66,137,6,1,231,391
Pickering--Scarborough East/Pickering--Scarborough-Est,152,Scarborough,39,80,139,7,4,269,452
Pickering--Scarborough East/Pickering--Scarborough-Est,153A,Scarborough,22,35,110,3,0,170,305
Pickering--Scarborough East/Pickering--Scarborough-Est,153B,Scarborough,28,35,93,6,0,162,305
Pickering--Scarborough East/Pickering--Scarborough-Est,154,Scarborough,39,49,132,11,0,231,398
Pickering--Scarborough East/Pickering--Scarborough-Est,155,Scarborough,31,54,177,8,2,272,519
Pickering--Scarborough East/Pickering--Scarborough-Est,156,Scarborough,25,59,110,4,0,198,361
Pickering--Scarborough East/Pickering--Scarborough-Est,157,Scarborough,33,64,129,8,0,234,378
Pickering--Scarborough East/Pickering--Scarborough-Est,158,Scarborough,23,84,129,18,1,255,432
Pickering--Scarborough East/Pickering--Scarborough-Est,159,Scarborough,20,57,134,7,1,219,377
Pickering--Scarborough East/Pickering--Scarborough-Est,160,Scarborough,22,85,150,10,0,267,455
Pickering--Scarborough East/Pickering--Scarborough-Est,161,Scarborough,39,71,145,12,3,270,402
Pickering--Scarborough East/Pickering--Scarborough-Est,162,Scarborough,39,83,159,15,1,297,519
Pickering--Scarborough East/Pickering--Scarborough-Est,163A,Scarborough,27,50,100,11,2,190,336
Pickering--Scarborough East/Pickering--Scarborough-Est,163B,Scarborough,14,37,113,3,0,167,343
Pickering--Scarborough East/Pickering--Scarborough-Est,164,Scarborough,27,74,94,11,1,207,314
Pickering--Scarborough East/Pickering--Scarborough-Est,165,Scarborough,30,60,135,10,0,235,390
Pickering--Scarborough East/Pickering--Scarborough-Est,166,Scarborough,13,64,109,10,1,197,331
Pickering--Scarborough East/Pickering--Scarborough-Est,167,Scarborough,11,81,133,8,1,234,384
Pickering--Scarborough East/Pickering--Scarborough-Est,168,Scarborough,6,35,97,4,1,143,252
Pickering--Scarborough East/Pickering--Scarborough-Est,169,Scarborough,19,79,179,6,0,283,411
Pickering--Scarborough East/Pickering--Scarborough-Est,170A,Scarborough,14,29,119,6,0,168,272
Pickering--Scarborough East/Pickering--Scarborough-Est,170B,Scarborough,23,37,108,6,2,176,281
Pickering--Scarborough East/Pickering--Scarborough-Est,171,Scarborough,21,72,136,10,0,239,393
Pickering--Scarborough East/Pickering--Scarborough-Est,400,Pickering,25,93,151,3,0,272,354
Pickering--Scarborough East/Pickering--Scarborough-Est,401,Pickering,15,90,138,4,3,250,376
Pickering--Scarborough East/Pickering--Scarborough-Est,402,Pickering,22,65,147,4,1,239,329
Pickering--Scarborough East/Pickering--Scarborough-Est,403,Scarborough,34,64,95,3,1,197,355
Pickering--Scarborough East/Pickering--Scarborough-Est,404,Scarborough,22,50,90,4,0,166,308
Pickering--Scarborough East/Pickering--Scarborough-Est,405,Scarborough,21,58,74,4,1,158,298
Pickering--Scarborough East/Pickering--Scarborough-Est,406,Scarborough,28,38,115,6,0,187,317
Pickering--Scarborough East/Pickering--Scarborough-Est,600,Pickering,48,140,239,22,0,449,
Pickering--Scarborough East/Pickering--Scarborough-Est,601,Pickering,45,179,267,10,1,502,
Pickering--Scarborough East/Pickering--Scarborough-Est,602,Pickering,33,205,292,13,1,544,
Pickering--Scarborough East/Pickering--Scarborough-Est,603,Pickering,69,269,435,21,4,798,
Pickering--Scarborough East/Pickering--Scarborough-Est,604,Toronto,37,82,195,5,1,320,
Pickering--Scarborough East/Pickering--Scarborough-Est,605,Toronto,40,161,331,13,1,546,
Pickering--Scarborough East/Pickering--Scarborough-Est,606,Toronto,106,410,578,38,4,1136,
Pickering--Scarborough East/Pickering--Scarborough-Est,,Group 1/Groupe 1,7,19,22,0,0,48,111
Pickering--Scarborough East/Pickering--Scarborough-Est,,Group 2/Groupe 2,50,134,193,8,4,389,
