District,Poll Number,Poll Name,Bruce King,Doug McLachlan,James Rajotte,Bruce Sinclair,Rejected Ballots,Total Vote,Electors
Edmonton--Leduc/Edmonton--Leduc,1A,Edmonton,55,18,106,14,0,193,319
Edmonton--Leduc/Edmonton--Leduc,1B,Edmonton,81,15,81,15,1,193,339
Edmonton--Leduc/Edmonton--Leduc,2,Edmonton,82,19,165,23,0,289,462
Edmonton--Leduc/Edmonton--Leduc,3,Edmonton,77,22,148,17,0,264,391
Edmonton--Leduc/Edmonton--Leduc,4,Edmonton,59,20,109,20,0,208,355
Edmonton--Leduc/Edmonton--Leduc,5,Edmonton,82,30,124,16,1,253,463
Edmonton--Leduc/Edmonton--Leduc,6,Edmonton,48,25,83,11,0,167,365
Edmonton--Leduc/Edmonton--Leduc,7,Edmonton,70,22,120,10,0,222,398
Edmonton--Leduc/Edmonton--Leduc,8,Edmonton,72,15,102,14,0,203,338
Edmonton--Leduc/Edmonton--Leduc,9,Edmonton,78,16,130,17,1,242,415
Edmonton--Leduc/Edmonton--Leduc,10,Edmonton,76,23,101,19,1,220,338
Edmonton--Leduc/Edmonton--Leduc,11,Edmonton,82,13,163,19,0,277,402
Edmonton--Leduc/Edmonton--Leduc,12,Edmonton,98,34,115,16,0,263,461
Edmonton--Leduc/Edmonton--Leduc,13,Edmonton,111,21,108,12,0,252,439
Edmonton--Leduc/Edmonton--Leduc,14,Edmonton,102,15,126,21,0,264,421
Edmonton--Leduc/Edmonton--Leduc,15,Edmonton,97,11,139,22,0,269,399
Edmonton--Leduc/Edmonton--Leduc,16,Edmonton,117,20,165,16,0,318,510
Edmonton--Leduc/Edmonton--Leduc,17,Edmonton,91,20,126,9,0,246,404
Edmonton--Leduc/Edmonton--Leduc,18,Edmonton,86,8,109,18,0,221,388
Edmonton--Leduc/Edmonton--Leduc,19,Edmonton,74,4,146,9,0,233,373
Edmonton--Leduc/Edmonton--Leduc,20,Edmonton,91,20,133,24,0,268,468
Edmonton--Leduc/Edmonton--Leduc,21,Edmonton,99,9,173,9,0,290,533
Edmonton--Leduc/Edmonton--Leduc,22,Edmonton,84,16,137,6,2,245,410
Edmonton--Leduc/Edmonton--Leduc,23,Edmonton,128,19,145,12,1,305,446
Edmonton--Leduc/Edmonton--Leduc,24,Edmonton,98,20,157,10,1,286,502
Edmonton--Leduc/Edmonton--Leduc,25,Edmonton,89,14,112,11,1,227,429
Edmonton--Leduc/Edmonton--Leduc,26,Edmonton,73,14,81,18,0,186,312
Edmonton--Leduc/Edmonton--Leduc,27,Edmonton,54,3,43,2,0,102,173
Edmonton--Leduc/Edmonton--Leduc,28,Edmonton,110,13,118,9,0,250,498
Edmonton--Leduc/Edmonton--Leduc,29,Edmonton,98,19,120,8,1,246,465
Edmonton--Leduc/Edmonton--Leduc,30,Edmonton,91,18,103,13,0,225,381
Edmonton--Leduc/Edmonton--Leduc,31,Edmonton,87,20,160,12,1,280,410
Edmonton--Leduc/Edmonton--Leduc,32,Edmonton,70,15,104,11,1,201,357
Edmonton--Leduc/Edmonton--Leduc,33,Edmonton,97,12,102,3,0,214,434
Edmonton--Leduc/Edmonton--Leduc,34,Edmonton,102,17,150,9,2,280,463
Edmonton--Leduc/Edmonton--Leduc,35,Edmonton,93,12,126,6,3,240,388
Edmonton--Leduc/Edmonton--Leduc,36,Edmonton,121,20,138,12,2,293,508
Edmonton--Leduc/Edmonton--Leduc,37,Edmonton,73,7,98,13,0,191,343
Edmonton--Leduc/Edmonton--Leduc,38,Edmonton,72,12,109,6,0,199,352
Edmonton--Leduc/Edmonton--Leduc,39,Edmonton,64,9,117,13,3,206,371
Edmonton--Leduc/Edmonton--Leduc,40A,Edmonton,73,10,94,10,0,187,343
Edmonton--Leduc/Edmonton--Leduc,40B,Edmonton,77,10,88,6,0,181,329
Edmonton--Leduc/Edmonton--Leduc,41,Edmonton,85,10,123,10,0,228,422
Edmonton--Leduc/Edmonton--Leduc,42,Edmonton,84,40,112,22,1,259,368
Edmonton--Leduc/Edmonton--Leduc,43,Edmonton,77,43,130,20,0,270,343
Edmonton--Leduc/Edmonton--Leduc,44,Edmonton,88,39,111,23,0,261,393
Edmonton--Leduc/Edmonton--Leduc,45A,Edmonton,69,21,103,12,0,205,326
Edmonton--Leduc/Edmonton--Leduc,45B,Edmonton,83,23,118,13,0,237,368
Edmonton--Leduc/Edmonton--Leduc,46,Edmonton,93,13,158,8,0,272,462
Edmonton--Leduc/Edmonton--Leduc,47,Edmonton,92,12,163,9,0,276,422
Edmonton--Leduc/Edmonton--Leduc,48,Edmonton,80,31,90,23,4,228,430
Edmonton--Leduc/Edmonton--Leduc,49,Edmonton,34,17,59,17,0,127,375
Edmonton--Leduc/Edmonton--Leduc,50,Edmonton,26,17,43,5,0,91,286
Edmonton--Leduc/Edmonton--Leduc,51A,Edmonton,46,28,74,13,0,161,308
Edmonton--Leduc/Edmonton--Leduc,51B,Edmonton,61,28,57,15,1,162,318
Edmonton--Leduc/Edmonton--Leduc,52,Edmonton,35,19,59,16,1,130,284
Edmonton--Leduc/Edmonton--Leduc,53,Edmonton,84,20,81,20,0,205,330
Edmonton--Leduc/Edmonton--Leduc,54,Edmonton,30,24,69,15,0,138,260
Edmonton--Leduc/Edmonton--Leduc,55,Edmonton,72,25,100,10,0,207,395
Edmonton--Leduc/Edmonton--Leduc,56,Edmonton,66,29,92,18,1,206,356
Edmonton--Leduc/Edmonton--Leduc,57,Edmonton,52,7,70,9,0,138,232
Edmonton--Leduc/Edmonton--Leduc,58,Edmonton,53,20,89,17,1,180,339
Edmonton--Leduc/Edmonton--Leduc,59,Edmonton,50,15,106,23,3,197,351
Edmonton--Leduc/Edmonton--Leduc,60,Edmonton,50,16,71,11,0,148,235
Edmonton--Leduc/Edmonton--Leduc,61,Edmonton,53,27,116,12,0,208,444
Edmonton--Leduc/Edmonton--Leduc,62,Edmonton,29,24,43,17,1,114,301
Edmonton--Leduc/Edmonton--Leduc,63,Edmonton,69,14,117,12,1,213,293
Edmonton--Leduc/Edmonton--Leduc,64,Edmonton,57,29,108,13,0,207,322
Edmonton--Leduc/Edmonton--Leduc,65,Edmonton,58,27,118,16,0,219,349
Edmonton--Leduc/Edmonton--Leduc,66,Edmonton,61,40,67,15,2,185,384
Edmonton--Leduc/Edmonton--Leduc,67,Edmonton,37,35,46,8,1,127,291
Edmonton--Leduc/Edmonton--Leduc,68,Edmonton,80,29,96,8,0,213,299
Edmonton--Leduc/Edmonton--Leduc,69,Edmonton,43,34,87,8,0,172,281
Edmonton--Leduc/Edmonton--Leduc,70,Edmonton,87,25,106,13,0,231,372
Edmonton--Leduc/Edmonton--Leduc,71,Edmonton,62,43,121,15,1,242,356
Edmonton--Leduc/Edmonton--Leduc,72,Edmonton,76,46,129,21,0,272,406
Edmonton--Leduc/Edmonton--Leduc,73,Edmonton,91,40,143,13,1,288,420
Edmonton--Leduc/Edmonton--Leduc,74,Edmonton,78,29,108,20,0,235,349
Edmonton--Leduc/Edmonton--Leduc,75,Edmonton,70,22,119,24,2,237,374
Edmonton--Leduc/Edmonton--Leduc,76,Edmonton,72,27,104,22,1,226,372
Edmonton--Leduc/Edmonton--Leduc,77,Edmonton,95,19,139,11,0,264,390
Edmonton--Leduc/Edmonton--Leduc,78,Edmonton,74,24,85,9,0,192,372
Edmonton--Leduc/Edmonton--Leduc,79,Edmonton,67,37,118,13,0,235,399
Edmonton--Leduc/Edmonton--Leduc,80,Edmonton,35,22,63,10,0,130,372
Edmonton--Leduc/Edmonton--Leduc,81,Edmonton,77,24,122,19,0,242,348
Edmonton--Leduc/Edmonton--Leduc,82,Edmonton,58,21,140,18,0,237,345
Edmonton--Leduc/Edmonton--Leduc,83,Edmonton,29,19,56,7,1,112,257
Edmonton--Leduc/Edmonton--Leduc,84,Edmonton,55,23,106,11,0,195,347
Edmonton--Leduc/Edmonton--Leduc,85,Edmonton,65,30,106,13,0,214,331
Edmonton--Leduc/Edmonton--Leduc,86,Edmonton,74,48,129,16,0,267,397
Edmonton--Leduc/Edmonton--Leduc,87,Edmonton,43,23,53,6,0,125,270
Edmonton--Leduc/Edmonton--Leduc,88,Edmonton,28,11,25,7,0,71,252
Edmonton--Leduc/Edmonton--Leduc,89,Edmonton,77,29,83,7,0,196,423
Edmonton--Leduc/Edmonton--Leduc,90,Edmonton,72,48,97,14,1,232,354
Edmonton--Leduc/Edmonton--Leduc,91,Edmonton,100,36,145,11,1,293,437
Edmonton--Leduc/Edmonton--Leduc,92,Edmonton,79,29,104,7,0,219,318
Edmonton--Leduc/Edmonton--Leduc,93,Edmonton,82,49,113,17,0,261,351
Edmonton--Leduc/Edmonton--Leduc,94,Edmonton,68,26,65,21,0,180,280
Edmonton--Leduc/Edmonton--Leduc,95,Edmonton,69,31,91,26,0,217,362
Edmonton--Leduc/Edmonton--Leduc,96,Edmonton,108,27,127,12,0,274,450
Edmonton--Leduc/Edmonton--Leduc,97,Edmonton,92,18,131,7,0,248,393
Edmonton--Leduc/Edmonton--Leduc,98,Edmonton,54,25,67,16,0,162,273
Edmonton--Leduc/Edmonton--Leduc,99,Edmonton,48,20,79,10,1,158,328
Edmonton--Leduc/Edmonton--Leduc,100,Edmonton,137,30,198,24,1,390,600
Edmonton--Leduc/Edmonton--Leduc,101,Edmonton,21,20,33,3,1,78,197
Edmonton--Leduc/Edmonton--Leduc,102,Edmonton,13,8,25,9,0,55,120
Edmonton--Leduc/Edmonton--Leduc,103,Edmonton,51,28,68,7,0,154,367
Edmonton--Leduc/Edmonton--Leduc,104,Edmonton,61,18,106,13,0,198,376
Edmonton--Leduc/Edmonton--Leduc,105,Edmonton,36,30,99,20,0,185,492
Edmonton--Leduc/Edmonton--Leduc,106,Edmonton,47,21,82,16,0,166,370
Edmonton--Leduc/Edmonton--Leduc,107,Edmonton,88,28,101,12,0,229,406
Edmonton--Leduc/Edmonton--Leduc,108,Edmonton,69,17,122,4,1,213,342
Edmonton--Leduc/Edmonton--Leduc,109,Edmonton,72,28,149,18,0,267,486
Edmonton--Leduc/Edmonton--Leduc,110,Edmonton,55,14,117,18,1,205,357
Edmonton--Leduc/Edmonton--Leduc,111,Edmonton,71,26,119,5,1,222,345
Edmonton--Leduc/Edmonton--Leduc,112,Edmonton,117,39,122,25,1,304,540
Edmonton--Leduc/Edmonton--Leduc,113,Edmonton,95,16,106,12,0,229,386
Edmonton--Leduc/Edmonton--Leduc,114,Edmonton,67,17,142,23,1,250,402
Edmonton--Leduc/Edmonton--Leduc,115,Edmonton,73,33,139,15,0,260,439
Edmonton--Leduc/Edmonton--Leduc,116A,Edmonton,58,20,111,7,0,196,291
Edmonton--Leduc/Edmonton--Leduc,116B,Edmonton,70,13,113,11,0,207,329
Edmonton--Leduc/Edmonton--Leduc,117,Edmonton,93,15,134,8,0,250,415
Edmonton--Leduc/Edmonton--Leduc,118A,Edmonton,70,10,129,8,0,217,353
Edmonton--Leduc/Edmonton--Leduc,118B,Edmonton,104,13,122,12,0,251,369
Edmonton--Leduc/Edmonton--Leduc,118C,Edmonton,69,17,146,4,0,236,393
Edmonton--Leduc/Edmonton--Leduc,119,Edmonton,90,14,188,17,2,311,494
Edmonton--Leduc/Edmonton--Leduc,120,Edmonton,81,23,147,36,0,287,491
Edmonton--Leduc/Edmonton--Leduc,121A,Edmonton,70,21,143,13,1,248,375
Edmonton--Leduc/Edmonton--Leduc,121B,Edmonton,87,31,139,18,0,275,470
Edmonton--Leduc/Edmonton--Leduc,121C,Edmonton,62,8,89,0,0,159,315
Edmonton--Leduc/Edmonton--Leduc,121D,Edmonton,72,26,75,6,0,179,313
Edmonton--Leduc/Edmonton--Leduc,121E,Mobile poll/Bureau itinérant,42,16,79,1,0,138,110
Edmonton--Leduc/Edmonton--Leduc,122,Edmonton,87,9,167,13,1,277,442
Edmonton--Leduc/Edmonton--Leduc,123,Edmonton,102,23,156,18,0,299,497
Edmonton--Leduc/Edmonton--Leduc,124,Edmonton,76,18,105,10,0,209,346
Edmonton--Leduc/Edmonton--Leduc,125,Edmonton,74,14,106,7,0,201,359
Edmonton--Leduc/Edmonton--Leduc,126,Edmonton,59,5,119,6,1,190,344
Edmonton--Leduc/Edmonton--Leduc,127,Edmonton,89,13,137,10,1,250,427
Edmonton--Leduc/Edmonton--Leduc,128,Edmonton,88,22,160,15,0,285,450
Edmonton--Leduc/Edmonton--Leduc,129A,Edmonton,76,29,52,4,1,162,272
Edmonton--Leduc/Edmonton--Leduc,129B,Edmonton,44,5,61,3,1,114,248
Edmonton--Leduc/Edmonton--Leduc,130,Edmonton,88,21,105,11,1,226,346
Edmonton--Leduc/Edmonton--Leduc,131,Edmonton,66,21,123,15,0,225,267
Edmonton--Leduc/Edmonton--Leduc,132,Edmonton,Merged with No. 131,,,,,,138
Edmonton--Leduc/Edmonton--Leduc,133,Edmonton,44,6,59,11,0,120,244
Edmonton--Leduc/Edmonton--Leduc,134,Edmonton,79,10,112,12,1,214,382
Edmonton--Leduc/Edmonton--Leduc,135A,Edmonton,109,19,122,15,1,266,468
Edmonton--Leduc/Edmonton--Leduc,135B,Edmonton,80,11,167,18,1,277,422
Edmonton--Leduc/Edmonton--Leduc,135C,Edmonton,98,26,170,19,1,314,470
Edmonton--Leduc/Edmonton--Leduc,135D,Edmonton,104,32,171,17,0,324,461
Edmonton--Leduc/Edmonton--Leduc,135E,Edmonton,92,19,121,13,0,245,375
Edmonton--Leduc/Edmonton--Leduc,136,Edmonton,68,10,160,5,0,243,417
Edmonton--Leduc/Edmonton--Leduc,137A,Edmonton,59,14,94,7,1,175,342
Edmonton--Leduc/Edmonton--Leduc,137B,Edmonton,49,22,128,10,0,209,372
Edmonton--Leduc/Edmonton--Leduc,138,Devon,27,26,144,33,2,232,426
Edmonton--Leduc/Edmonton--Leduc,139,Devon,31,27,148,26,0,232,528
Edmonton--Leduc/Edmonton--Leduc,140,Devon,29,19,165,21,1,235,429
Edmonton--Leduc/Edmonton--Leduc,141,Devon,42,36,148,21,1,248,456
Edmonton--Leduc/Edmonton--Leduc,142,Devon,23,25,146,19,1,214,382
Edmonton--Leduc/Edmonton--Leduc,143,Devon,37,28,161,27,2,255,548
Edmonton--Leduc/Edmonton--Leduc,144A,Devon,24,31,136,19,0,210,463
Edmonton--Leduc/Edmonton--Leduc,144B,Devon,16,11,160,15,0,202,368
Edmonton--Leduc/Edmonton--Leduc,144C,Mobile poll/Bureau itinérant,Merged with No. 121E,,,,,,35
Edmonton--Leduc/Edmonton--Leduc,145,Devon,44,16,178,19,1,258,436
Edmonton--Leduc/Edmonton--Leduc,146,Nisku,14,8,106,9,1,138,260
Edmonton--Leduc/Edmonton--Leduc,147,Ireton,18,12,143,16,0,189,307
Edmonton--Leduc/Edmonton--Leduc,148,Leduc,29,21,147,26,0,223,421
Edmonton--Leduc/Edmonton--Leduc,149A,Leduc,17,10,141,11,0,179,332
Edmonton--Leduc/Edmonton--Leduc,149B,Leduc,46,10,159,2,0,217,357
Edmonton--Leduc/Edmonton--Leduc,150,Leduc,29,18,86,19,0,152,359
Edmonton--Leduc/Edmonton--Leduc,151,Leduc,24,14,88,6,0,132,365
Edmonton--Leduc/Edmonton--Leduc,152,Leduc,23,15,148,18,0,204,440
Edmonton--Leduc/Edmonton--Leduc,153,Leduc,40,18,167,8,0,233,525
Edmonton--Leduc/Edmonton--Leduc,154,Leduc,21,33,95,11,1,161,458
Edmonton--Leduc/Edmonton--Leduc,155,Leduc,36,14,86,16,0,152,388
Edmonton--Leduc/Edmonton--Leduc,156,Leduc,25,15,133,12,0,185,327
Edmonton--Leduc/Edmonton--Leduc,157,Leduc,40,26,163,26,1,256,419
Edmonton--Leduc/Edmonton--Leduc,158,Leduc,53,17,205,12,3,290,487
Edmonton--Leduc/Edmonton--Leduc,159,Leduc,21,3,95,3,0,122,198
Edmonton--Leduc/Edmonton--Leduc,160,Leduc,48,22,251,21,0,342,580
Edmonton--Leduc/Edmonton--Leduc,161,Leduc,31,17,157,15,2,222,410
Edmonton--Leduc/Edmonton--Leduc,162,Leduc,16,21,131,12,0,180,348
Edmonton--Leduc/Edmonton--Leduc,163,Leduc,39,23,133,23,0,218,380
Edmonton--Leduc/Edmonton--Leduc,164,Leduc,26,14,141,13,1,195,409
Edmonton--Leduc/Edmonton--Leduc,165,Leduc,21,13,150,13,0,197,359
Edmonton--Leduc/Edmonton--Leduc,166,Leduc,41,21,162,18,1,243,443
Edmonton--Leduc/Edmonton--Leduc,167,Leduc,40,23,210,22,0,295,504
Edmonton--Leduc/Edmonton--Leduc,168,Leduc,29,20,185,21,0,255,421
Edmonton--Leduc/Edmonton--Leduc,169,Leduc,37,24,191,26,0,278,529
Edmonton--Leduc/Edmonton--Leduc,170,Leduc,25,19,163,32,0,239,443
Edmonton--Leduc/Edmonton--Leduc,171,Leduc,21,28,161,19,0,229,400
Edmonton--Leduc/Edmonton--Leduc,172,Leduc,29,13,89,11,0,142,275
Edmonton--Leduc/Edmonton--Leduc,173,Leduc,32,24,145,12,0,213,425
Edmonton--Leduc/Edmonton--Leduc,174,Leduc,41,25,181,27,1,275,430
Edmonton--Leduc/Edmonton--Leduc,175,Leduc,34,11,168,13,0,226,394
Edmonton--Leduc/Edmonton--Leduc,176A,Leduc,39,17,154,17,1,228,279
Edmonton--Leduc/Edmonton--Leduc,176B,Leduc,17,12,160,12,0,201,306
Edmonton--Leduc/Edmonton--Leduc,177,Leduc,Merged with No. 176A,,,,,,18
Edmonton--Leduc/Edmonton--Leduc,400,Edmonton,Merged with No. 401,,,,,,85
Edmonton--Leduc/Edmonton--Leduc,401,Edmonton,53,16,70,7,5,151,152
Edmonton--Leduc/Edmonton--Leduc,500,Mobile poll/Bureau itinérant,28,21,83,6,4,142,157
Edmonton--Leduc/Edmonton--Leduc,501,Mobile poll/Bureau itinérant,45,22,73,9,0,149,155
Edmonton--Leduc/Edmonton--Leduc,600,Edmonton,146,34,223,22,1,426,
Edmonton--Leduc/Edmonton--Leduc,601,Edmonton,135,10,210,18,1,374,
Edmonton--Leduc/Edmonton--Leduc,602,Edmonton,223,27,260,11,0,521,
Edmonton--Leduc/Edmonton--Leduc,603,Edmonton,149,56,245,25,1,476,
Edmonton--Leduc/Edmonton--Leduc,604,Edmonton,129,50,236,29,0,444,
Edmonton--Leduc/Edmonton--Leduc,605,Edmonton,128,53,183,18,2,384,
Edmonton--Leduc/Edmonton--Leduc,606,Edmonton,101,38,269,22,0,430,
Edmonton--Leduc/Edmonton--Leduc,607,Edmonton,194,48,425,37,0,704,
Edmonton--Leduc/Edmonton--Leduc,608,Devon,46,22,206,16,0,290,
Edmonton--Leduc/Edmonton--Leduc,609,Leduc County,58,20,258,18,0,354,
Edmonton--Leduc/Edmonton--Leduc,610,Leduc,63,28,279,24,1,395,
Edmonton--Leduc/Edmonton--Leduc,611,Leduc County,5,1,45,2,0,53,
Edmonton--Leduc/Edmonton--Leduc,,Group 1/Groupe 1,27,14,40,10,1,92,151
Edmonton--Leduc/Edmonton--Leduc,,Group 2/Groupe 2,228,65,444,34,6,777,
