District,Poll Number,Poll Name,Steve Armstrong,Chris Bradshaw,Gord Brown,Joe Jordan,Rejected Ballots,Total Vote,Electors
Leeds--Grenville/Leeds--Grenville,1,Rideau Lakes,18,9,131,64,1,223,332
Leeds--Grenville/Leeds--Grenville,2,Westport,32,8,109,80,0,229,295
Leeds--Grenville/Leeds--Grenville,3,Westport,18,11,104,65,1,199,281
Leeds--Grenville/Leeds--Grenville,4,Rideau Lakes,42,18,227,139,0,426,611
Leeds--Grenville/Leeds--Grenville,5,Rideau Lakes,31,11,70,48,2,162,220
Leeds--Grenville/Leeds--Grenville,6,Rideau Lakes,36,4,125,71,3,239,317
Leeds--Grenville/Leeds--Grenville,7,Rideau Lakes,85,10,160,140,0,395,596
Leeds--Grenville/Leeds--Grenville,8,Rideau Lakes,18,4,63,32,0,117,166
Leeds--Grenville/Leeds--Grenville,9,Rideau Lakes,47,5,95,70,1,218,348
Leeds--Grenville/Leeds--Grenville,10,Rideau Lakes,28,8,155,92,1,284,423
Leeds--Grenville/Leeds--Grenville,11,Rideau Lakes,35,15,189,87,0,326,480
Leeds--Grenville/Leeds--Grenville,12,Rideau Lakes,18,17,136,57,1,229,335
Leeds--Grenville/Leeds--Grenville,13,Rideau Lakes,23,12,190,88,0,313,487
Leeds--Grenville/Leeds--Grenville,14,Rideau Lakes,21,12,78,58,3,172,296
Leeds--Grenville/Leeds--Grenville,15,Rideau Lakes,16,10,169,69,3,267,387
Leeds--Grenville/Leeds--Grenville,16,Rideau Lakes,30,9,174,89,3,305,472
Leeds--Grenville/Leeds--Grenville,17,Rideau Lakes,26,8,150,74,0,258,370
Leeds--Grenville/Leeds--Grenville,18,Rideau Lakes,11,5,86,55,2,159,252
Leeds--Grenville/Leeds--Grenville,19,Rideau Lakes,26,6,96,77,0,205,302
Leeds--Grenville/Leeds--Grenville,20,Rideau Lakes,24,3,153,53,0,233,317
Leeds--Grenville/Leeds--Grenville,21,Rideau Lakes,31,9,139,58,1,238,361
Leeds--Grenville/Leeds--Grenville,22,Rideau Lakes,24,6,135,54,0,219,316
Leeds--Grenville/Leeds--Grenville,23,Leeds and the Thousand Islands,56,26,111,143,1,337,528
Leeds--Grenville/Leeds--Grenville,24,Leeds and the Thousand Islands,21,8,86,80,2,197,326
Leeds--Grenville/Leeds--Grenville,25,Leeds and the Thousand Islands,36,16,116,63,1,232,379
Leeds--Grenville/Leeds--Grenville,26,Leeds and the Thousand Islands,30,17,156,78,0,281,370
Leeds--Grenville/Leeds--Grenville,27,Leeds and the Thousand Islands,21,5,51,62,5,144,238
Leeds--Grenville/Leeds--Grenville,28,Leeds and the Thousand Islands,19,11,94,76,2,202,389
Leeds--Grenville/Leeds--Grenville,29,Leeds and the Thousand Islands,24,13,131,98,3,269,459
Leeds--Grenville/Leeds--Grenville,30,Leeds and the Thousand Islands,33,17,122,82,0,254,430
Leeds--Grenville/Leeds--Grenville,31,Leeds and the Thousand Islands,19,21,100,59,2,201,309
Leeds--Grenville/Leeds--Grenville,32,Leeds and the Thousand Islands,27,6,143,82,1,259,506
Leeds--Grenville/Leeds--Grenville,33,Leeds and the Thousand Islands,25,18,86,58,0,187,325
Leeds--Grenville/Leeds--Grenville,34,Leeds and the Thousand Islands,27,18,136,81,0,262,386
Leeds--Grenville/Leeds--Grenville,35,Leeds and the Thousand Islands,28,12,100,62,0,202,321
Leeds--Grenville/Leeds--Grenville,36,Leeds and the Thousand Islands,8,11,114,110,1,244,419
Leeds--Grenville/Leeds--Grenville,37,Leeds and the Thousand Islands,17,8,111,95,0,231,344
Leeds--Grenville/Leeds--Grenville,38,Leeds and the Thousand Islands,19,8,106,81,2,216,352
Leeds--Grenville/Leeds--Grenville,39,Leeds and the Thousand Islands,26,28,117,80,1,252,439
Leeds--Grenville/Leeds--Grenville,40,Leeds and the Thousand Islands,12,9,74,83,1,179,222
Leeds--Grenville/Leeds--Grenville,41,Leeds and the Thousand Islands,18,18,73,82,0,191,289
Leeds--Grenville/Leeds--Grenville,42,Gananoque,25,10,113,87,0,235,471
Leeds--Grenville/Leeds--Grenville,43,Gananoque,19,8,82,76,1,186,337
Leeds--Grenville/Leeds--Grenville,44,Gananoque,18,7,42,49,1,117,249
Leeds--Grenville/Leeds--Grenville,45,Gananoque,12,12,46,65,0,135,249
Leeds--Grenville/Leeds--Grenville,46,Gananoque,16,12,77,67,1,173,339
Leeds--Grenville/Leeds--Grenville,47,Gananoque,22,7,46,34,0,109,265
Leeds--Grenville/Leeds--Grenville,48,Gananoque,15,8,57,37,0,117,239
Leeds--Grenville/Leeds--Grenville,49,Gananoque,24,7,120,73,1,225,429
Leeds--Grenville/Leeds--Grenville,50,Gananoque,28,6,99,86,2,221,381
Leeds--Grenville/Leeds--Grenville,51,Gananoque,18,16,76,88,0,198,384
Leeds--Grenville/Leeds--Grenville,52,Gananoque,35,9,98,109,0,251,399
Leeds--Grenville/Leeds--Grenville,53,Gananoque,14,9,124,88,0,235,358
Leeds--Grenville/Leeds--Grenville,54,Athens,29,13,146,60,1,249,433
Leeds--Grenville/Leeds--Grenville,55,Athens,19,8,157,54,0,238,359
Leeds--Grenville/Leeds--Grenville,56,Athens,14,13,137,63,1,228,367
Leeds--Grenville/Leeds--Grenville,57,Athens,51,17,203,133,0,404,651
Leeds--Grenville/Leeds--Grenville,58A,Athens,38,13,155,86,0,292,466
Leeds--Grenville/Leeds--Grenville,58B,Mobile poll/Bureau itinérant,Merged with No. 501,,,,,,55
Leeds--Grenville/Leeds--Grenville,59,Front of Yonge,21,10,66,35,0,132,232
Leeds--Grenville/Leeds--Grenville,60,Front of Yonge,26,8,72,42,2,150,284
Leeds--Grenville/Leeds--Grenville,61,Front of Yonge,39,19,153,97,2,310,475
Leeds--Grenville/Leeds--Grenville,62,Front of Yonge,42,22,176,132,2,374,554
Leeds--Grenville/Leeds--Grenville,63,Front of Yonge,36,22,109,92,3,262,388
Leeds--Grenville/Leeds--Grenville,64,Elizabethtown-Kitley,17,8,146,42,1,214,273
Leeds--Grenville/Leeds--Grenville,65,Elizabethtown-Kitley,48,11,203,51,0,313,448
Leeds--Grenville/Leeds--Grenville,66,Elizabethtown-Kitley,15,7,84,21,0,127,182
Leeds--Grenville/Leeds--Grenville,67,Elizabethtown-Kitley,54,13,198,84,0,349,505
Leeds--Grenville/Leeds--Grenville,68,Elizabethtown-Kitley,34,18,151,57,0,260,352
Leeds--Grenville/Leeds--Grenville,69,Elizabethtown-Kitley,36,14,162,87,1,300,426
Leeds--Grenville/Leeds--Grenville,70,Elizabethtown-Kitley,14,7,71,37,0,129,191
Leeds--Grenville/Leeds--Grenville,71,Elizabethtown-Kitley,50,17,101,86,2,256,407
Leeds--Grenville/Leeds--Grenville,72,Elizabethtown-Kitley,25,10,120,56,0,211,337
Leeds--Grenville/Leeds--Grenville,73,Elizabethtown-Kitley,30,6,121,96,0,253,368
Leeds--Grenville/Leeds--Grenville,74,Elizabethtown-Kitley,25,15,104,60,0,204,353
Leeds--Grenville/Leeds--Grenville,75,Elizabethtown-Kitley,39,13,168,102,0,322,454
Leeds--Grenville/Leeds--Grenville,76,Elizabethtown-Kitley,38,15,125,64,0,242,397
Leeds--Grenville/Leeds--Grenville,77,Elizabethtown-Kitley,40,8,101,94,2,245,368
Leeds--Grenville/Leeds--Grenville,78,Elizabethtown-Kitley,21,16,100,56,0,193,299
Leeds--Grenville/Leeds--Grenville,79,Elizabethtown-Kitley,41,20,159,108,3,331,535
Leeds--Grenville/Leeds--Grenville,80,Elizabethtown-Kitley,29,12,105,108,2,256,390
Leeds--Grenville/Leeds--Grenville,81,Elizabethtown-Kitley,16,9,120,111,0,256,361
Leeds--Grenville/Leeds--Grenville,82,Elizabethtown-Kitley,11,10,101,116,0,238,353
Leeds--Grenville/Leeds--Grenville,83,Brockville,10,7,62,38,1,118,188
Leeds--Grenville/Leeds--Grenville,84,Brockville,43,10,68,68,1,190,456
Leeds--Grenville/Leeds--Grenville,85,Brockville,23,8,97,127,0,255,380
Leeds--Grenville/Leeds--Grenville,86,Brockville,25,13,109,127,1,275,408
Leeds--Grenville/Leeds--Grenville,87,Brockville,33,7,37,31,2,110,360
Leeds--Grenville/Leeds--Grenville,88,Brockville,23,14,79,114,2,232,429
Leeds--Grenville/Leeds--Grenville,89,Brockville,25,10,74,52,0,161,382
Leeds--Grenville/Leeds--Grenville,90,Brockville,24,13,73,92,0,202,319
Leeds--Grenville/Leeds--Grenville,91,Brockville,38,16,121,127,4,306,450
Leeds--Grenville/Leeds--Grenville,92,Brockville,21,5,47,87,0,160,243
Leeds--Grenville/Leeds--Grenville,93,Brockville,26,10,107,144,0,287,419
Leeds--Grenville/Leeds--Grenville,94,Brockville,26,23,95,134,2,280,401
Leeds--Grenville/Leeds--Grenville,95,Brockville,25,11,81,100,1,218,361
Leeds--Grenville/Leeds--Grenville,96,Brockville,45,8,130,118,0,301,543
Leeds--Grenville/Leeds--Grenville,97,Brockville,26,16,154,89,1,286,502
Leeds--Grenville/Leeds--Grenville,98,Brockville,15,9,51,47,1,123,212
Leeds--Grenville/Leeds--Grenville,99,Brockville,35,7,91,79,0,212,348
Leeds--Grenville/Leeds--Grenville,100,Brockville,30,17,100,85,0,232,406
Leeds--Grenville/Leeds--Grenville,101,Brockville,30,8,91,55,0,184,352
Leeds--Grenville/Leeds--Grenville,102,Brockville,47,6,128,86,2,269,495
Leeds--Grenville/Leeds--Grenville,103,Brockville,35,7,113,62,0,217,365
Leeds--Grenville/Leeds--Grenville,104,Brockville,26,6,75,49,0,156,229
Leeds--Grenville/Leeds--Grenville,105,Brockville,20,5,92,94,0,211,337
Leeds--Grenville/Leeds--Grenville,106,Brockville,18,9,97,123,0,247,364
Leeds--Grenville/Leeds--Grenville,107,Brockville,22,9,68,56,1,156,268
Leeds--Grenville/Leeds--Grenville,108,Brockville,21,5,63,33,0,122,205
Leeds--Grenville/Leeds--Grenville,109,Brockville,16,9,82,85,1,193,325
Leeds--Grenville/Leeds--Grenville,110,Brockville,23,17,81,78,0,199,385
Leeds--Grenville/Leeds--Grenville,111,Brockville,50,16,64,101,0,231,421
Leeds--Grenville/Leeds--Grenville,112,Brockville,21,10,63,51,0,145,275
Leeds--Grenville/Leeds--Grenville,113,Brockville,23,7,80,75,2,187,350
Leeds--Grenville/Leeds--Grenville,114,Brockville,16,7,52,61,0,136,279
Leeds--Grenville/Leeds--Grenville,115,Brockville,35,17,82,79,1,214,410
Leeds--Grenville/Leeds--Grenville,116,Brockville,35,15,53,94,0,197,362
Leeds--Grenville/Leeds--Grenville,117,Brockville,30,8,48,61,0,147,276
Leeds--Grenville/Leeds--Grenville,118,Brockville,15,4,49,28,0,96,268
Leeds--Grenville/Leeds--Grenville,119,Brockville,20,6,55,61,0,142,277
Leeds--Grenville/Leeds--Grenville,120,Brockville,18,5,78,52,1,154,304
Leeds--Grenville/Leeds--Grenville,121,Brockville,23,9,56,80,0,168,313
Leeds--Grenville/Leeds--Grenville,122,Brockville,29,8,78,80,0,195,299
Leeds--Grenville/Leeds--Grenville,123,Brockville,30,19,105,113,1,268,396
Leeds--Grenville/Leeds--Grenville,124,Brockville,16,15,109,142,0,282,418
Leeds--Grenville/Leeds--Grenville,125,Brockville,22,9,59,61,0,151,245
Leeds--Grenville/Leeds--Grenville,126,Brockville,24,14,80,98,0,216,411
Leeds--Grenville/Leeds--Grenville,127,Brockville,14,15,64,104,0,197,361
Leeds--Grenville/Leeds--Grenville,128,Brockville,19,11,94,108,1,233,408
Leeds--Grenville/Leeds--Grenville,129,Brockville,19,10,86,152,1,268,421
Leeds--Grenville/Leeds--Grenville,130,Merrickville-Wolford,27,17,192,59,0,295,476
Leeds--Grenville/Leeds--Grenville,131,Merrickville-Wolford,36,23,216,98,1,374,533
Leeds--Grenville/Leeds--Grenville,132,Merrickville-Wolford,41,40,145,134,2,362,445
Leeds--Grenville/Leeds--Grenville,133,Merrickville-Wolford,54,30,108,106,2,300,437
Leeds--Grenville/Leeds--Grenville,134,Merrickville-Wolford,32,30,156,82,0,300,435
Leeds--Grenville/Leeds--Grenville,135,Augusta,29,8,96,29,0,162,242
Leeds--Grenville/Leeds--Grenville,136,Augusta,23,4,85,35,0,147,221
Leeds--Grenville/Leeds--Grenville,137,Augusta,37,17,98,38,0,190,309
Leeds--Grenville/Leeds--Grenville,138,Augusta,43,10,156,62,0,271,404
Leeds--Grenville/Leeds--Grenville,139,Augusta,39,13,144,52,2,250,421
Leeds--Grenville/Leeds--Grenville,140,Augusta,48,20,165,78,1,312,474
Leeds--Grenville/Leeds--Grenville,141,Augusta,27,7,142,84,1,261,436
Leeds--Grenville/Leeds--Grenville,142,Augusta,38,9,133,90,0,270,435
Leeds--Grenville/Leeds--Grenville,143,Augusta,43,7,189,93,0,332,548
Leeds--Grenville/Leeds--Grenville,144,Augusta,28,9,162,61,2,262,380
Leeds--Grenville/Leeds--Grenville,145,Augusta,5,13,84,64,0,166,259
Leeds--Grenville/Leeds--Grenville,146,Augusta,33,14,190,105,2,344,486
Leeds--Grenville/Leeds--Grenville,147,Augusta,25,22,128,158,0,333,459
Leeds--Grenville/Leeds--Grenville,148,Augusta,30,16,147,87,2,282,414
Leeds--Grenville/Leeds--Grenville,149,Prescott,34,14,101,72,1,222,414
Leeds--Grenville/Leeds--Grenville,150,Prescott,29,2,71,59,1,162,334
Leeds--Grenville/Leeds--Grenville,151,Prescott,31,8,119,70,1,229,370
Leeds--Grenville/Leeds--Grenville,152,Prescott,37,11,78,103,1,230,420
Leeds--Grenville/Leeds--Grenville,153,Prescott,41,13,99,85,0,238,423
Leeds--Grenville/Leeds--Grenville,154,Prescott,23,9,88,67,4,191,364
Leeds--Grenville/Leeds--Grenville,155,Prescott,24,15,94,59,0,192,346
Leeds--Grenville/Leeds--Grenville,156,Prescott,35,10,90,77,0,212,369
Leeds--Grenville/Leeds--Grenville,157,North Grenville,19,31,119,66,0,235,382
Leeds--Grenville/Leeds--Grenville,158,North Grenville,27,32,135,67,0,261,427
Leeds--Grenville/Leeds--Grenville,159,North Grenville,23,24,127,52,2,228,327
Leeds--Grenville/Leeds--Grenville,160,North Grenville,15,17,146,67,0,245,403
Leeds--Grenville/Leeds--Grenville,161,North Grenville,25,15,127,65,1,233,368
Leeds--Grenville/Leeds--Grenville,162,North Grenville,31,21,135,49,0,236,358
Leeds--Grenville/Leeds--Grenville,163,North Grenville,23,20,169,54,0,266,421
Leeds--Grenville/Leeds--Grenville,164,North Grenville,29,13,212,107,0,361,597
Leeds--Grenville/Leeds--Grenville,165,North Grenville,9,20,63,48,1,141,236
Leeds--Grenville/Leeds--Grenville,166,North Grenville,18,19,141,84,1,263,396
Leeds--Grenville/Leeds--Grenville,167,North Grenville,10,7,84,38,1,140,266
Leeds--Grenville/Leeds--Grenville,168,North Grenville,27,13,103,53,3,199,366
Leeds--Grenville/Leeds--Grenville,169,North Grenville,30,22,126,66,1,245,417
Leeds--Grenville/Leeds--Grenville,170,North Grenville,13,9,83,44,2,151,243
Leeds--Grenville/Leeds--Grenville,171,North Grenville,32,19,69,50,1,171,305
Leeds--Grenville/Leeds--Grenville,172,North Grenville,17,9,108,51,1,186,297
Leeds--Grenville/Leeds--Grenville,173,North Grenville,9,6,107,41,0,163,267
Leeds--Grenville/Leeds--Grenville,174,North Grenville,27,11,132,74,0,244,372
Leeds--Grenville/Leeds--Grenville,175,North Grenville,18,22,120,53,0,213,363
Leeds--Grenville/Leeds--Grenville,176,North Grenville,23,17,151,78,2,271,431
Leeds--Grenville/Leeds--Grenville,177,North Grenville,23,17,180,66,0,286,435
Leeds--Grenville/Leeds--Grenville,178,North Grenville,37,24,185,83,0,329,490
Leeds--Grenville/Leeds--Grenville,179,North Grenville,25,16,145,53,0,239,341
Leeds--Grenville/Leeds--Grenville,180,North Grenville,32,31,156,89,0,308,413
Leeds--Grenville/Leeds--Grenville,181,North Grenville,24,13,179,62,1,279,430
Leeds--Grenville/Leeds--Grenville,182,North Grenville,35,18,169,62,4,288,487
Leeds--Grenville/Leeds--Grenville,183,Edwardsburgh/Cardinal,21,9,157,74,0,261,407
Leeds--Grenville/Leeds--Grenville,184,Edwardsburgh/Cardinal,39,12,141,75,1,268,439
Leeds--Grenville/Leeds--Grenville,185,Edwardsburgh/Cardinal,9,4,51,27,0,91,159
Leeds--Grenville/Leeds--Grenville,186,Edwardsburgh/Cardinal,16,7,53,38,0,114,236
Leeds--Grenville/Leeds--Grenville,187,Edwardsburgh/Cardinal,42,14,190,72,2,320,514
Leeds--Grenville/Leeds--Grenville,188,Edwardsburgh/Cardinal,22,9,82,39,0,152,242
Leeds--Grenville/Leeds--Grenville,189,Edwardsburgh/Cardinal,41,12,84,42,1,180,314
Leeds--Grenville/Leeds--Grenville,190,Edwardsburgh/Cardinal,13,11,103,53,3,183,265
Leeds--Grenville/Leeds--Grenville,191,Edwardsburgh/Cardinal,40,13,140,111,1,305,415
Leeds--Grenville/Leeds--Grenville,192,Edwardsburgh/Cardinal,20,6,102,52,1,181,274
Leeds--Grenville/Leeds--Grenville,193,Edwardsburgh/Cardinal,19,8,103,38,2,170,275
Leeds--Grenville/Leeds--Grenville,194,Edwardsburgh/Cardinal,44,12,141,77,2,276,430
Leeds--Grenville/Leeds--Grenville,195,Edwardsburgh/Cardinal,37,21,133,90,1,282,454
Leeds--Grenville/Leeds--Grenville,196,Edwardsburgh/Cardinal,35,9,131,73,0,248,346
Leeds--Grenville/Leeds--Grenville,500,Mobile poll/Bureau itinérant,7,1,72,29,3,112,196
Leeds--Grenville/Leeds--Grenville,501,Mobile poll/Bureau itinérant,3,2,38,42,4,89,94
Leeds--Grenville/Leeds--Grenville,502,Mobile poll/Bureau itinérant,11,0,33,48,6,98,258
Leeds--Grenville/Leeds--Grenville,503,Mobile poll/Bureau itinérant,9,4,36,38,2,89,213
Leeds--Grenville/Leeds--Grenville,600,Westport--Rideau Lakes,27,14,259,145,1,446,
Leeds--Grenville/Leeds--Grenville,601,Leeds and Thousand Islands,19,19,165,122,0,325,
Leeds--Grenville/Leeds--Grenville,602,Gananoque,15,20,204,98,0,337,
Leeds--Grenville/Leeds--Grenville,603,Athens & Front of Yonge,21,15,183,70,1,290,
Leeds--Grenville/Leeds--Grenville,604,Elizabethtown-Kitley,30,21,221,138,1,411,
Leeds--Grenville/Leeds--Grenville,605,Brockville,66,16,360,252,0,694,
Leeds--Grenville/Leeds--Grenville,606,Brockville,43,22,298,244,3,610,
Leeds--Grenville/Leeds--Grenville,607,Augusta & Merrickville,45,14,275,98,0,432,
Leeds--Grenville/Leeds--Grenville,608,Prescott,22,11,233,99,0,365,
Leeds--Grenville/Leeds--Grenville,609,North Grenville,59,56,659,260,2,1036,
Leeds--Grenville/Leeds--Grenville,610,Edwardsburgh/Cardinal,26,18,204,57,0,305,
Leeds--Grenville/Leeds--Grenville,,Group 1/Groupe 1,10,7,71,49,2,139,278
Leeds--Grenville/Leeds--Grenville,,Group 2/Groupe 2,70,33,557,343,9,1012,
