Electoral District/Circonscription,Polling Station Number/Numéro du bureau de scrutin,Polling Station Name/Nom du bureau de scrutin,Joe Goudie,Jacob Edward Larkin,Todd Norman Russell,Gail Zwicker,Rejected Ballots/Bulletins rejetés,Total Votes/Total des votes,Electors/Électeurs
"Labrador/Labrador"," 1","Nain",37,24,78,2,1,142,313
"Labrador/Labrador"," 2","Nain",56,35,82,3,1,177,405
"Labrador/Labrador"," 3","Natuashish",39,17,48,1,4,109,350
"Labrador/Labrador"," 4","Hopedale",47,2,118,1,0,168,346
"Labrador/Labrador"," 5","Postville",24,5,57,3,2,91,147
"Labrador/Labrador"," 6","Makkovik",32,9,102,2,0,145,238
"Labrador/Labrador"," 7","Wabush",77,31,68,0,1,177,310
"Labrador/Labrador"," 8","Labrador City",78,33,57,0,0,168,308
"Labrador/Labrador"," 9","Labrador City",72,29,61,3,1,166,337
"Labrador/Labrador"," 10","Labrador City",99,39,85,1,1,225,419
"Labrador/Labrador"," 11","Labrador City",73,31,64,2,1,171,298
"Labrador/Labrador"," 12","Labrador City",81,32,62,2,0,177,315
"Labrador/Labrador"," 13","Labrador City",109,51,99,2,3,264,542
"Labrador/Labrador"," 14","Labrador City",73,28,59,1,0,161,267
"Labrador/Labrador"," 15","Labrador City",86,25,56,1,0,168,333
"Labrador/Labrador"," 16","Labrador City",88,30,53,0,1,172,297
"Labrador/Labrador"," 17","Labrador City",79,18,64,5,0,166,276
"Labrador/Labrador"," 18","Labrador City",47,26,39,0,1,113,266
"Labrador/Labrador"," 19","Labrador City",65,22,70,3,0,160,307
"Labrador/Labrador"," 20","Labrador City",100,30,61,2,0,193,333
"Labrador/Labrador"," 21","Labrador City",53,26,66,1,1,147,395
"Labrador/Labrador"," 22","Labrador City",66,17,35,4,1,123,236
"Labrador/Labrador"," 23","Labrador City",62,15,35,1,1,114,234
"Labrador/Labrador"," 24","Labrador City",63,31,57,3,1,155,347
"Labrador/Labrador"," 25","Wabush",98,31,59,3,1,192,315
"Labrador/Labrador"," 26","Wabush",95,26,67,0,0,188,315
"Labrador/Labrador"," 27","Wabush",105,27,86,1,0,219,389
"Labrador/Labrador"," 28","Churchill Falls",51,15,51,0,0,117,211
"Labrador/Labrador"," 29","Churchill Falls",74,14,70,1,0,159,248
"Labrador/Labrador"," 30","Rigolet",46,2,87,2,0,137,228
"Labrador/Labrador"," 31","North West River",93,27,157,3,0,280,416
"Labrador/Labrador"," 32","Sheshatsheits",65,11,136,0,0,212,497
"Labrador/Labrador"," 33","Mud Lake",21,2,13,0,0,36,44
"Labrador/Labrador"," 34","Happy Valley-Goose Bay",66,11,33,0,0,110,303
"Labrador/Labrador"," 35","Happy Valley-Goose Bay",81,6,62,0,0,149,240
"Labrador/Labrador"," 36","Happy Valley-Goose Bay",154,12,111,3,1,281,429
"Labrador/Labrador"," 37","Happy Valley-Goose Bay",200,10,127,0,1,338,529
"Labrador/Labrador"," 38","Happy Valley-Goose Bay",104,2,131,4,1,242,445
"Labrador/Labrador"," 39","Happy Valley-Goose Bay",138,10,131,1,2,282,463
"Labrador/Labrador"," 40","Happy Valley-Goose Bay",121,5,120,1,0,247,436
"Labrador/Labrador"," 41","Happy Valley-Goose Bay",91,9,101,2,1,204,377
"Labrador/Labrador"," 42","Happy Valley-Goose Bay",104,15,99,2,0,220,329
"Labrador/Labrador"," 43","Happy Valley-Goose Bay",62,10,74,0,1,147,254
"Labrador/Labrador"," 44","Happy Valley-Goose Bay",59,12,76,1,0,148,470
"Labrador/Labrador"," 45","Happy Valley-Goose Bay",94,3,97,0,1,195,346
"Labrador/Labrador"," 46","Happy Valley-Goose Bay",128,10,96,0,4,238,412
"Labrador/Labrador"," 47","Happy Valley-Goose Bay",112,9,97,0,2,220,349
"Labrador/Labrador"," 48","Happy Valley-Goose Bay",65,7,73,0,1,146,279
"Labrador/Labrador"," 49","Cartwright",30,11,216,1,1,259,479
"Labrador/Labrador"," 50","Paradise River",Void/Supprimé,,,,,,
"Labrador/Labrador"," 51","Black Tickle",5,1,75,1,0,82,154
"Labrador/Labrador"," 52","Norman's Bay",0,1,11,0,0,12,30
"Labrador/Labrador"," 53","Charlottetown",32,5,131,1,0,169,259
"Labrador/Labrador"," 54","Pinsent Arm",0,2,40,0,0,42,46
"Labrador/Labrador"," 55","Williams Harbour",Merged with No. 56/Fusionné avec le nº 56,,,,,,39
"Labrador/Labrador"," 56","St. Lewis",6,3,153,1,1,164,204
"Labrador/Labrador"," 57","Port Hope Simpson",35,9,212,1,1,258,394
"Labrador/Labrador"," 58","Mary's Harbour",25,11,178,0,0,214,349
"Labrador/Labrador"," 59","Lodge Bay",9,3,26,1,0,39,63
"Labrador/Labrador"," 60","Red Bay",49,9,62,0,0,120,194
"Labrador/Labrador"," 61","Pinware",9,7,39,0,0,55,88
"Labrador/Labrador"," 62","West St. Modeste",30,2,61,0,0,93,172
"Labrador/Labrador"," 63","L'Anse-au-Loup",100,11,142,0,0,253,463
"Labrador/Labrador"," 64","Forteau",56,17,125,0,2,200,390
"Labrador/Labrador"," 65","L'Anse-au-Clair",26,2,86,0,0,114,177
"Labrador/Labrador"," 500","Mobile poll/Bureau itinérant",16,4,26,2,2,50,79
"Labrador/Labrador"," 501","Mobile poll/Bureau itinérant",Void/Supprimé,,,,,,
"Labrador/Labrador"," 600","Nain",8,5,17,0,0,30,
"Labrador/Labrador"," 601","Natuashish",3,0,8,1,0,12,
"Labrador/Labrador"," 602","Hopedale",1,5,25,0,0,31,
"Labrador/Labrador"," 603","Postville",Combined with No. 602/Jumelé avec le nº 602,,,,,,
"Labrador/Labrador"," 604","Makkovik",1,0,12,0,0,13,
"Labrador/Labrador"," 605","Rigolet",1,0,6,0,0,7,
"Labrador/Labrador"," 606","Labrador City",45,8,41,0,0,94,
"Labrador/Labrador"," 607","Churchill Falls",4,1,7,0,0,12,
"Labrador/Labrador"," 608","Happy Valley-Goose Bay",77,4,71,0,0,152,
"Labrador/Labrador"," 609","Cartwright",0,1,14,0,0,15,
"Labrador/Labrador"," 610","Black Tickle",4,0,46,0,0,50,
"Labrador/Labrador"," 611","Norman Bay",Combined with No. 610/Jumelé avec le nº 610,,,,,,
"Labrador/Labrador"," 612","Charlottetown",1,0,16,0,0,17,
"Labrador/Labrador"," 613","Williams Harbour",Combined with No. 616/Jumelé avec le nº 616,,,,,,
"Labrador/Labrador"," 614","Mary's Harbour",Combined with No. 616/Jumelé avec le nº 616,,,,,,
"Labrador/Labrador"," 615","Port Hope Simpson",Combined with No. 616/Jumelé avec le nº 616,,,,,,
"Labrador/Labrador"," 616","L'Anse-au-Loup",4,0,46,0,0,50,
"Labrador/Labrador",,Group 1/Groupe 1,40,8,48,6,4,106,251
"Labrador/Labrador",,Group 2/Groupe 2,78,15,98,0,4,195,
