Electoral District/Circonscription,Polling Station Number/Numéro du bureau de scrutin,Polling Station Name/Nom du bureau de scrutin,Rick Goldring,David Laird,Paddy Torsney,Mike Wallace,Rejected Ballots/Bulletins rejetés,Total Votes/Total des votes,Electors/Électeurs
"Burlington/Burlington"," 1A","Burlington",11,22,76,64,1,174,323
"Burlington/Burlington"," 1B","Burlington",8,23,69,81,0,181,326
"Burlington/Burlington"," 1C","Burlington",9,19,44,45,0,117,235
"Burlington/Burlington"," 2","Burlington",19,30,75,88,1,213,339
"Burlington/Burlington"," 3","Burlington",19,28,84,81,1,213,357
"Burlington/Burlington"," 4","Burlington",6,19,80,56,2,163,258
"Burlington/Burlington"," 5","Burlington",7,21,98,118,2,246,341
"Burlington/Burlington"," 6","Burlington",11,21,67,90,1,190,292
"Burlington/Burlington"," 7","Burlington",13,44,76,112,0,245,385
"Burlington/Burlington"," 8","Burlington",12,42,83,77,4,218,304
"Burlington/Burlington"," 9","Burlington",7,26,88,98,0,219,312
"Burlington/Burlington"," 10","Burlington",9,36,77,69,1,192,276
"Burlington/Burlington"," 11","Burlington",9,30,81,83,0,203,329
"Burlington/Burlington"," 12","Burlington",11,24,95,96,1,227,359
"Burlington/Burlington"," 13","Burlington",12,28,79,97,3,219,403
"Burlington/Burlington"," 14","Burlington",13,32,60,59,1,165,310
"Burlington/Burlington"," 15","Burlington",22,29,82,88,1,222,361
"Burlington/Burlington"," 16","Burlington",19,42,93,106,1,261,410
"Burlington/Burlington"," 17","Burlington",16,44,111,90,1,262,388
"Burlington/Burlington"," 18","Burlington",9,30,97,88,2,226,335
"Burlington/Burlington"," 19","Burlington",14,27,65,102,0,208,281
"Burlington/Burlington"," 20","Burlington",5,12,57,58,0,132,223
"Burlington/Burlington"," 21","Burlington",12,35,98,125,1,271,362
"Burlington/Burlington"," 22","Burlington",13,36,126,80,0,255,381
"Burlington/Burlington"," 23","Burlington",5,28,76,118,0,227,340
"Burlington/Burlington"," 24","Burlington",4,18,85,118,2,227,355
"Burlington/Burlington"," 25","Burlington",19,40,102,108,0,269,357
"Burlington/Burlington"," 26","Burlington",22,35,124,84,0,265,415
"Burlington/Burlington"," 27","Burlington",16,37,53,69,0,175,301
"Burlington/Burlington"," 28","Burlington",16,27,120,150,1,314,459
"Burlington/Burlington"," 29","Burlington",14,21,58,69,0,162,320
"Burlington/Burlington"," 30","Burlington",16,16,90,116,0,238,348
"Burlington/Burlington"," 31","Burlington",13,16,71,76,1,177,311
"Burlington/Burlington"," 32","Burlington",18,29,80,79,0,206,317
"Burlington/Burlington"," 33","Burlington",6,18,56,40,0,120,204
"Burlington/Burlington"," 34","Burlington",6,22,99,95,0,222,459
"Burlington/Burlington"," 35","Burlington",4,20,69,57,0,150,302
"Burlington/Burlington"," 36","Burlington",19,39,120,106,0,284,433
"Burlington/Burlington"," 37A","Burlington",8,16,79,83,0,186,313
"Burlington/Burlington"," 37B","Burlington",15,33,68,56,0,172,291
"Burlington/Burlington"," 38","Burlington",27,24,95,109,1,256,382
"Burlington/Burlington"," 39","Burlington",11,25,89,72,0,197,269
"Burlington/Burlington"," 40","Burlington",10,37,78,83,0,208,320
"Burlington/Burlington"," 41","Burlington",10,13,75,99,0,197,284
"Burlington/Burlington"," 42","Burlington",18,9,82,85,0,194,284
"Burlington/Burlington"," 43","Burlington",9,31,103,103,0,246,360
"Burlington/Burlington"," 44","Burlington",6,31,108,106,0,251,367
"Burlington/Burlington"," 45","Burlington",10,15,61,59,0,145,220
"Burlington/Burlington"," 46A","Burlington",6,41,61,65,0,173,291
"Burlington/Burlington"," 46B","Burlington",5,38,55,70,3,171,290
"Burlington/Burlington"," 47","Burlington",12,18,94,88,0,212,339
"Burlington/Burlington"," 48","Burlington",17,20,95,85,0,217,340
"Burlington/Burlington"," 49","Burlington",14,38,83,115,0,250,350
"Burlington/Burlington"," 50","Burlington",17,16,91,111,0,235,314
"Burlington/Burlington"," 51","Burlington",12,8,106,141,1,268,348
"Burlington/Burlington"," 52","Burlington",10,13,81,112,0,216,340
"Burlington/Burlington"," 53","Burlington",12,11,74,110,0,207,322
"Burlington/Burlington"," 54","Burlington",8,15,108,136,2,269,421
"Burlington/Burlington"," 55","Burlington",19,15,97,103,1,235,359
"Burlington/Burlington"," 56","Burlington",18,12,95,115,0,240,355
"Burlington/Burlington"," 57","Burlington",8,11,91,121,1,232,351
"Burlington/Burlington"," 58","Burlington",6,6,72,97,1,182,300
"Burlington/Burlington"," 59A","Burlington",17,34,75,94,0,220,334
"Burlington/Burlington"," 59B","Burlington",8,29,94,76,1,208,389
"Burlington/Burlington"," 60A","Burlington",2,29,63,57,0,151,250
"Burlington/Burlington"," 60B","Burlington",6,16,92,56,0,170,246
"Burlington/Burlington"," 61","Burlington",8,41,76,77,1,203,327
"Burlington/Burlington"," 62","Burlington",15,29,100,101,0,245,366
"Burlington/Burlington"," 63","Burlington",5,22,66,62,1,156,244
"Burlington/Burlington"," 64","Burlington",11,38,73,76,0,198,321
"Burlington/Burlington"," 65","Burlington",13,26,81,85,0,205,319
"Burlington/Burlington"," 66","Burlington",11,35,111,127,0,284,433
"Burlington/Burlington"," 67","Burlington",14,24,66,56,1,161,253
"Burlington/Burlington"," 68","Burlington",9,25,63,65,0,162,242
"Burlington/Burlington"," 69","Burlington",14,32,80,100,1,227,386
"Burlington/Burlington"," 70","Burlington",10,30,66,68,0,174,316
"Burlington/Burlington"," 71","Burlington",10,37,118,100,0,265,413
"Burlington/Burlington"," 72","Burlington",12,23,101,130,1,267,380
"Burlington/Burlington"," 73","Burlington",13,15,74,82,0,184,278
"Burlington/Burlington"," 74","Burlington",9,30,77,71,0,187,288
"Burlington/Burlington"," 75","Burlington",10,18,89,69,0,186,290
"Burlington/Burlington"," 76","Burlington",8,12,66,66,0,152,245
"Burlington/Burlington"," 77","Burlington",12,20,136,125,0,293,433
"Burlington/Burlington"," 78","Burlington",15,40,122,126,2,305,449
"Burlington/Burlington"," 79","Burlington",6,31,33,35,1,106,275
"Burlington/Burlington"," 80","Burlington",17,26,64,82,1,190,351
"Burlington/Burlington"," 81","Burlington",22,33,93,139,0,287,442
"Burlington/Burlington"," 82","Burlington",9,19,100,109,1,238,349
"Burlington/Burlington"," 83","Burlington",8,28,110,98,1,245,343
"Burlington/Burlington"," 84","Burlington",10,26,88,77,0,201,352
"Burlington/Burlington"," 85","Burlington",14,34,92,78,0,218,297
"Burlington/Burlington"," 86","Burlington",20,34,101,81,2,238,441
"Burlington/Burlington"," 87","Burlington",15,22,114,116,0,267,414
"Burlington/Burlington"," 88","Burlington",10,5,57,82,0,154,276
"Burlington/Burlington"," 89","Burlington",12,22,114,95,0,243,368
"Burlington/Burlington"," 90","Burlington",16,15,78,113,0,222,354
"Burlington/Burlington"," 91","Burlington",14,17,81,142,0,254,406
"Burlington/Burlington"," 92","Burlington",17,16,66,106,0,205,371
"Burlington/Burlington"," 93","Burlington",20,22,138,151,0,331,473
"Burlington/Burlington"," 94","Burlington",15,14,113,133,0,275,418
"Burlington/Burlington"," 95A","Burlington",7,22,60,73,0,162,258
"Burlington/Burlington"," 95B","Burlington",5,28,46,70,1,150,256
"Burlington/Burlington"," 96A","Burlington",10,30,62,70,1,173,271
"Burlington/Burlington"," 96B","Burlington",5,24,58,78,1,166,246
"Burlington/Burlington"," 97","Burlington",22,41,94,99,2,258,439
"Burlington/Burlington"," 98","Burlington",17,36,106,101,4,264,408
"Burlington/Burlington"," 99","Burlington",13,45,118,127,1,304,451
"Burlington/Burlington"," 100","Burlington",11,29,94,124,0,258,439
"Burlington/Burlington"," 101","Burlington",18,42,90,132,3,285,418
"Burlington/Burlington"," 102","Burlington",10,25,50,76,0,161,264
"Burlington/Burlington"," 103","Burlington",13,23,56,60,1,153,275
"Burlington/Burlington"," 104","Burlington",16,42,93,100,0,251,402
"Burlington/Burlington"," 105","Burlington",19,52,93,138,1,303,460
"Burlington/Burlington"," 106","Burlington",16,32,95,110,0,253,439
"Burlington/Burlington"," 107","Burlington",9,11,29,54,0,103,181
"Burlington/Burlington"," 108","Burlington",17,24,102,79,0,222,387
"Burlington/Burlington"," 109","Burlington",19,18,79,76,0,192,351
"Burlington/Burlington"," 110","Burlington",13,43,135,101,1,293,461
"Burlington/Burlington"," 111","Burlington",19,38,88,80,2,227,352
"Burlington/Burlington"," 112","Burlington",7,14,57,34,0,112,209
"Burlington/Burlington"," 113","Burlington",11,28,59,67,0,165,328
"Burlington/Burlington"," 114","Burlington",14,48,110,101,0,273,450
"Burlington/Burlington"," 115","Burlington",12,30,59,65,0,166,262
"Burlington/Burlington"," 116","Burlington",13,34,82,91,2,222,348
"Burlington/Burlington"," 117","Burlington",20,40,90,106,0,256,380
"Burlington/Burlington"," 118","Burlington",14,49,91,85,3,242,400
"Burlington/Burlington"," 119","Burlington",9,25,52,57,0,143,278
"Burlington/Burlington"," 120","Burlington",16,35,65,88,1,205,327
"Burlington/Burlington"," 121","Burlington",18,38,73,110,1,240,325
"Burlington/Burlington"," 122","Burlington",12,30,76,130,2,250,375
"Burlington/Burlington"," 123","Burlington",14,41,112,83,1,251,381
"Burlington/Burlington"," 124","Burlington",13,31,72,69,2,187,279
"Burlington/Burlington"," 125","Burlington",22,42,65,102,1,232,345
"Burlington/Burlington"," 126","Burlington",13,28,92,74,2,209,332
"Burlington/Burlington"," 127","Burlington",9,31,67,77,0,184,278
"Burlington/Burlington"," 128","Burlington",17,51,82,74,1,225,388
"Burlington/Burlington"," 129","Burlington",5,23,75,72,1,176,294
"Burlington/Burlington"," 130","Burlington",11,22,113,102,1,249,447
"Burlington/Burlington"," 131","Burlington",4,21,69,77,0,171,341
"Burlington/Burlington"," 132","Burlington",13,45,55,53,2,168,399
"Burlington/Burlington"," 133","Burlington",10,23,51,85,1,170,261
"Burlington/Burlington"," 134","Burlington",14,52,82,90,0,238,362
"Burlington/Burlington"," 135","Burlington",12,23,68,74,0,177,313
"Burlington/Burlington"," 136","Burlington",15,56,88,115,5,279,455
"Burlington/Burlington"," 137","Burlington",30,44,72,104,0,250,456
"Burlington/Burlington"," 138","Burlington",14,36,37,87,0,174,233
"Burlington/Burlington"," 139","Burlington",7,27,53,46,1,134,252
"Burlington/Burlington"," 140","Burlington",20,41,82,78,2,223,360
"Burlington/Burlington"," 141","Burlington",12,27,88,82,1,210,315
"Burlington/Burlington"," 142A","Burlington",7,29,45,62,1,144,275
"Burlington/Burlington"," 142B","Burlington",15,21,51,71,1,159,294
"Burlington/Burlington"," 143A","Burlington",15,28,47,61,0,151,248
"Burlington/Burlington"," 143B","Burlington",10,24,72,75,0,181,286
"Burlington/Burlington"," 144","Burlington",16,18,118,98,1,251,400
"Burlington/Burlington"," 145","Burlington",10,30,75,71,0,186,301
"Burlington/Burlington"," 146","Burlington",13,33,83,90,0,219,334
"Burlington/Burlington"," 147","Burlington",12,31,76,83,2,204,379
"Burlington/Burlington"," 148","Burlington",12,20,63,72,1,168,295
"Burlington/Burlington"," 149","Burlington",14,25,96,78,1,214,298
"Burlington/Burlington"," 150","Burlington",7,19,104,55,0,185,258
"Burlington/Burlington"," 151","Burlington",24,29,97,95,0,245,347
"Burlington/Burlington"," 152","Burlington",23,36,96,107,1,263,380
"Burlington/Burlington"," 153","Burlington",11,27,67,55,2,162,256
"Burlington/Burlington"," 154","Burlington",8,30,64,45,0,147,215
"Burlington/Burlington"," 155","Burlington",17,41,92,102,0,252,387
"Burlington/Burlington"," 156","Burlington",7,26,54,60,1,148,378
"Burlington/Burlington"," 157","Burlington",6,16,43,50,1,116,248
"Burlington/Burlington"," 158","Burlington",18,17,78,67,1,181,305
"Burlington/Burlington"," 159","Burlington",15,33,118,86,1,253,356
"Burlington/Burlington"," 160","Burlington",7,10,45,66,0,128,232
"Burlington/Burlington"," 161","Burlington",13,40,111,71,0,235,365
"Burlington/Burlington"," 162","Burlington",10,20,79,64,0,173,322
"Burlington/Burlington"," 163","Burlington",18,46,106,84,0,254,387
"Burlington/Burlington"," 164","Burlington",6,26,51,40,2,125,223
"Burlington/Burlington"," 165","Burlington",6,23,91,82,1,203,364
"Burlington/Burlington"," 166","Burlington",13,12,95,155,0,275,472
"Burlington/Burlington"," 167","Burlington",15,16,91,123,1,246,395
"Burlington/Burlington"," 168","Burlington",14,32,149,99,1,295,431
"Burlington/Burlington"," 169","Burlington",8,9,89,65,0,171,305
"Burlington/Burlington"," 170","Burlington",7,12,82,63,0,164,250
"Burlington/Burlington"," 171","Burlington",11,25,66,63,0,165,346
"Burlington/Burlington"," 172","Burlington",8,13,62,87,1,171,283
"Burlington/Burlington"," 173","Burlington",11,38,86,100,0,235,403
"Burlington/Burlington"," 174","Burlington",4,16,126,128,0,274,427
"Burlington/Burlington"," 175","Burlington",14,23,94,112,0,243,377
"Burlington/Burlington"," 176A","Burlington",4,12,73,84,0,173,271
"Burlington/Burlington"," 176B","Burlington",11,4,69,72,1,157,266
"Burlington/Burlington"," 177","Burlington",9,18,71,90,1,189,279
"Burlington/Burlington"," 178","Burlington",0,11,64,97,0,172,257
"Burlington/Burlington"," 179","Burlington",7,15,65,85,0,172,249
"Burlington/Burlington"," 180","Burlington",10,31,59,61,0,161,339
"Burlington/Burlington"," 181","Burlington",15,73,61,92,1,242,440
"Burlington/Burlington"," 182","Burlington",13,15,77,79,0,184,347
"Burlington/Burlington"," 183","Burlington",8,9,61,60,0,138,223
"Burlington/Burlington"," 184","Burlington",10,13,55,40,0,118,240
"Burlington/Burlington"," 185","Burlington",8,42,50,58,1,159,307
"Burlington/Burlington"," 186","Burlington",13,31,63,66,1,174,288
"Burlington/Burlington"," 187","Burlington",27,26,114,95,2,264,392
"Burlington/Burlington"," 188","Burlington",33,19,103,77,0,232,372
"Burlington/Burlington"," 189","Burlington",12,57,117,93,1,280,498
"Burlington/Burlington"," 190","Burlington",4,16,71,50,0,141,280
"Burlington/Burlington"," 191","Burlington",6,58,61,61,2,188,349
"Burlington/Burlington"," 192","Burlington",20,48,81,85,1,235,397
"Burlington/Burlington"," 193","Burlington",6,38,59,53,0,156,297
"Burlington/Burlington"," 194","Burlington",21,35,138,123,2,319,492
"Burlington/Burlington"," 195A","Burlington",6,32,64,60,0,162,259
"Burlington/Burlington"," 195B","Burlington",6,17,83,67,0,173,250
"Burlington/Burlington"," 196","Burlington",2,29,82,91,0,204,340
"Burlington/Burlington"," 197","Burlington",19,35,78,56,0,188,344
"Burlington/Burlington"," 198","Burlington",6,15,122,105,0,248,375
"Burlington/Burlington"," 199","Burlington",11,31,64,60,0,166,310
"Burlington/Burlington"," 200","Burlington",10,38,120,140,4,312,446
"Burlington/Burlington"," 201","Burlington",1,5,51,54,0,111,197
"Burlington/Burlington"," 202","Burlington",11,22,87,86,1,207,369
"Burlington/Burlington"," 203","Burlington",10,23,53,78,0,164,185
"Burlington/Burlington"," 204","Burlington",Merged with No. 203/Fusionné avec le nº 203,,,,,,132
"Burlington/Burlington"," 205","Burlington",6,31,94,72,2,205,359
"Burlington/Burlington"," 206","Burlington",6,26,68,98,0,198,318
"Burlington/Burlington"," 207","Burlington",22,24,61,92,0,199,352
"Burlington/Burlington"," 208","Burlington",9,44,81,77,0,211,354
"Burlington/Burlington"," 209","Burlington",13,33,79,97,1,223,347
"Burlington/Burlington"," 210","Burlington",7,32,90,116,2,247,446
"Burlington/Burlington"," 211","Burlington",12,27,67,87,1,194,296
"Burlington/Burlington"," 212","Burlington",16,33,122,120,2,293,433
"Burlington/Burlington"," 213","Burlington",10,60,76,91,0,237,478
"Burlington/Burlington"," 214A","Burlington",6,31,45,26,0,108,263
"Burlington/Burlington"," 214B","Burlington",8,25,56,44,1,134,304
"Burlington/Burlington"," 215","Burlington",9,32,51,57,1,150,405
"Burlington/Burlington"," 216","Burlington",15,24,108,99,0,246,408
"Burlington/Burlington"," 217","Burlington",16,14,92,121,0,243,378
"Burlington/Burlington"," 218","Burlington",13,30,80,100,0,223,380
"Burlington/Burlington"," 219","Burlington",10,33,87,107,0,237,383
"Burlington/Burlington"," 220","Burlington",8,37,108,99,1,253,427
"Burlington/Burlington"," 221","Burlington",9,15,81,123,0,228,363
"Burlington/Burlington"," 222","Burlington",13,26,99,105,0,243,418
"Burlington/Burlington"," 223","Burlington",22,26,108,107,0,263,409
"Burlington/Burlington"," 224","Burlington",20,35,96,94,1,246,378
"Burlington/Burlington"," 225","Burlington",13,24,93,98,0,228,378
"Burlington/Burlington"," 226","Burlington",19,37,79,116,1,252,418
"Burlington/Burlington"," 227A","Burlington",5,34,40,66,0,145,251
"Burlington/Burlington"," 227B","Burlington",7,38,43,57,0,145,266
"Burlington/Burlington"," 228","Burlington",1,22,60,61,0,144,268
"Burlington/Burlington"," 229","Burlington",11,24,92,114,3,244,407
"Burlington/Burlington"," 230","Burlington",8,37,98,110,1,254,436
"Burlington/Burlington"," 231A","Burlington",9,20,107,99,1,236,372
"Burlington/Burlington"," 231B","Burlington",9,34,66,88,0,197,343
"Burlington/Burlington"," 232A","Burlington",13,24,54,74,1,166,291
"Burlington/Burlington"," 232B","Burlington",17,26,64,64,0,171,296
"Burlington/Burlington"," 400","Burlington",0,15,68,88,2,173,218
"Burlington/Burlington"," 401","Burlington",9,21,95,111,0,236,290
"Burlington/Burlington"," 402","Burlington",13,31,120,114,2,280,379
"Burlington/Burlington"," 403","Burlington",4,23,93,82,4,206,297
"Burlington/Burlington"," 404","Burlington",4,22,102,61,0,189,257
"Burlington/Burlington"," 405","Burlington",8,34,88,71,3,204,259
"Burlington/Burlington"," 406","Burlington",7,42,95,83,0,227,288
"Burlington/Burlington"," 407","Burlington",4,22,66,72,0,164,233
"Burlington/Burlington"," 408","Burlington",2,20,61,57,1,141,183
"Burlington/Burlington"," 409","Burlington",12,17,77,81,1,188,259
"Burlington/Burlington"," 410","Burlington",5,6,82,77,1,171,196
"Burlington/Burlington"," 411","Burlington",8,20,61,62,0,151,203
"Burlington/Burlington"," 412","Burlington",8,24,85,48,3,168,211
"Burlington/Burlington"," 413","Burlington",4,20,56,60,0,140,221
"Burlington/Burlington"," 414","Burlington",5,11,26,43,3,88,118
"Burlington/Burlington"," 500","Mobile poll/Bureau itinérant",1,19,57,15,4,96,136
"Burlington/Burlington"," 501","Mobile poll/Bureau itinérant",2,6,26,16,0,50,147
"Burlington/Burlington"," 502","Mobile poll/Bureau itinérant",11,23,53,56,2,145,181
"Burlington/Burlington"," 503","Mobile poll/Bureau itinérant",5,12,57,31,3,108,196
"Burlington/Burlington"," 504","Mobile poll/Bureau itinérant",5,19,53,45,2,124,151
"Burlington/Burlington"," 505","Mobile poll/Bureau itinérant",4,24,73,45,0,146,198
"Burlington/Burlington"," 506","Mobile poll/Bureau itinérant",0,11,52,44,4,111,189
"Burlington/Burlington"," 507","Mobile poll/Bureau itinérant",0,8,49,57,1,115,173
"Burlington/Burlington"," 508","Mobile poll/Bureau itinérant",3,21,49,64,2,139,179
"Burlington/Burlington"," 509","Mobile poll/Bureau itinérant",0,9,25,24,0,58,138
"Burlington/Burlington"," 600","Burlington",21,36,192,249,1,499,
"Burlington/Burlington"," 601","Burlington",31,50,255,426,2,764,
"Burlington/Burlington"," 602","Burlington",31,44,249,362,0,686,
"Burlington/Burlington"," 603","Burlington",5,31,102,155,0,293,
"Burlington/Burlington"," 604","Burlington",35,44,286,463,4,832,
"Burlington/Burlington"," 605","Burlington",26,67,295,327,1,716,
"Burlington/Burlington"," 606","Burlington",23,63,195,325,2,608,
"Burlington/Burlington"," 607","Burlington",31,60,230,299,4,624,
"Burlington/Burlington"," 608","Burlington",27,72,215,300,1,615,
"Burlington/Burlington"," 609","Burlington",24,27,194,281,0,526,
"Burlington/Burlington"," 610","Burlington",10,45,162,253,0,470,
"Burlington/Burlington"," 611","Burlington",25,51,200,302,2,580,
"Burlington/Burlington"," 612","Burlington",24,55,253,391,2,725,
"Burlington/Burlington",,Group 1/Groupe 1,6,10,42,37,3,98,212
"Burlington/Burlington",,Group 2/Groupe 2,53,114,748,879,10,1804,
