Electoral District/Circonscription,Polling Station Number/Numéro du bureau de scrutin,Polling Station Name/Nom du bureau de scrutin,Patty Donovan,Eldon Hunter,Rob Moir,Rob Moore,Rejected Ballots/Bulletins rejetés,Total Votes/Total des votes,Electors/Électeurs
"Fundy Royal/Fundy Royal"," 1","Cumberland Bay",4,63,51,107,2,227,336
"Fundy Royal/Fundy Royal"," 2","Youngs Cove",1,67,54,113,2,237,399
"Fundy Royal/Fundy Royal"," 3","Canaan Forks",3,24,32,78,1,138,198
"Fundy Royal/Fundy Royal"," 4A","Havelock",8,48,32,138,0,226,327
"Fundy Royal/Fundy Royal"," 4B","Havelock",6,43,34,90,1,174,256
"Fundy Royal/Fundy Royal"," 5","Havelock",0,20,23,32,0,75,130
"Fundy Royal/Fundy Royal"," 6","Cornhill",3,29,38,64,0,134,252
"Fundy Royal/Fundy Royal"," 7A","Anagance",10,27,32,83,0,152,272
"Fundy Royal/Fundy Royal"," 7B","Anagance",6,40,20,68,1,135,246
"Fundy Royal/Fundy Royal"," 8","Steeves Settlement",13,38,52,145,3,251,421
"Fundy Royal/Fundy Royal"," 9","Petitcodiac",4,36,36,96,3,175,292
"Fundy Royal/Fundy Royal"," 10","Petitcodiac",7,38,39,104,4,192,329
"Fundy Royal/Fundy Royal"," 11","Petitcodiac",9,34,39,105,0,187,350
"Fundy Royal/Fundy Royal"," 12","Petitcodiac",10,56,45,111,0,222,335
"Fundy Royal/Fundy Royal"," 13","Petitcodiac",9,41,50,81,4,185,302
"Fundy Royal/Fundy Royal"," 14A","Elgin",6,33,40,99,2,180,245
"Fundy Royal/Fundy Royal"," 14B","Elgin",7,37,21,81,1,147,217
"Fundy Royal/Fundy Royal"," 15","Dobsons Corner",10,40,51,146,3,250,405
"Fundy Royal/Fundy Royal"," 16","River Glade",7,38,58,97,3,203,356
"Fundy Royal/Fundy Royal"," 17","River Glade",2,10,31,34,0,77,127
"Fundy Royal/Fundy Royal"," 18","Second North River",5,69,53,100,5,232,369
"Fundy Royal/Fundy Royal"," 19","Salisbury",2,62,36,110,1,211,380
"Fundy Royal/Fundy Royal"," 20A","Salisbury",6,23,29,89,2,149,303
"Fundy Royal/Fundy Royal"," 20B","Salisbury",6,31,41,92,1,171,319
"Fundy Royal/Fundy Royal"," 21","Salisbury",3,44,24,91,3,165,311
"Fundy Royal/Fundy Royal"," 22","Salisbury",7,56,57,100,1,221,350
"Fundy Royal/Fundy Royal"," 23","River Glade",8,25,29,78,1,141,240
"Fundy Royal/Fundy Royal"," 24","Five Points",11,56,56,138,1,262,428
"Fundy Royal/Fundy Royal"," 25","Colpitts Settlement",7,41,62,101,0,211,384
"Fundy Royal/Fundy Royal"," 26","Colpitts Settlement",9,44,48,117,7,225,371
"Fundy Royal/Fundy Royal"," 27","Parkindale",13,50,67,105,1,236,346
"Fundy Royal/Fundy Royal"," 28","Synton",18,48,63,126,1,256,414
"Fundy Royal/Fundy Royal"," 29","Turtle Creek",7,42,44,123,1,217,356
"Fundy Royal/Fundy Royal"," 30A","Pine Glen",8,33,31,63,0,135,242
"Fundy Royal/Fundy Royal"," 30B","Pine Glen",8,45,38,82,0,173,276
"Fundy Royal/Fundy Royal"," 31A","Riverview",7,31,32,55,3,128,278
"Fundy Royal/Fundy Royal"," 31B","Riverview",6,29,25,54,1,115,280
"Fundy Royal/Fundy Royal"," 32","Riverview",5,59,35,126,0,225,360
"Fundy Royal/Fundy Royal"," 33A","Riverview",11,60,33,64,1,169,265
"Fundy Royal/Fundy Royal"," 33B","Riverview",3,44,30,68,0,145,239
"Fundy Royal/Fundy Royal"," 34","Riverview",8,95,56,99,2,260,443
"Fundy Royal/Fundy Royal"," 35","Riverview",4,88,58,90,0,240,403
"Fundy Royal/Fundy Royal"," 36","Riverview",7,82,63,107,1,260,446
"Fundy Royal/Fundy Royal"," 37","Riverview",4,71,46,94,1,216,420
"Fundy Royal/Fundy Royal"," 38","Riverview",5,80,50,79,0,214,383
"Fundy Royal/Fundy Royal"," 39","Riverview",4,80,62,86,2,234,372
"Fundy Royal/Fundy Royal"," 40","Riverview",9,109,32,144,2,296,461
"Fundy Royal/Fundy Royal"," 41","Riverview",11,53,48,56,2,170,300
"Fundy Royal/Fundy Royal"," 42","Riverview",8,79,53,104,2,246,410
"Fundy Royal/Fundy Royal"," 43","Riverview",9,94,49,108,1,261,443
"Fundy Royal/Fundy Royal"," 44","Riverview",7,60,38,99,1,205,320
"Fundy Royal/Fundy Royal"," 45","Lower Coverdale",7,69,49,110,0,235,384
"Fundy Royal/Fundy Royal"," 46","Lower Coverdale",16,75,44,118,1,254,402
"Fundy Royal/Fundy Royal"," 47","Lower Coverdale",16,59,49,106,2,232,372
"Fundy Royal/Fundy Royal"," 48","Stoney Creek",12,41,52,118,3,226,369
"Fundy Royal/Fundy Royal"," 49","Osborne Corner",11,51,59,113,5,239,366
"Fundy Royal/Fundy Royal"," 50","Hillsborough",7,40,28,104,6,185,309
"Fundy Royal/Fundy Royal"," 51","Hillsborough",13,44,57,154,1,269,397
"Fundy Royal/Fundy Royal"," 52","Hillsborough",7,43,38,118,3,209,312
"Fundy Royal/Fundy Royal"," 53","Albert Mines",16,24,68,115,4,227,337
"Fundy Royal/Fundy Royal"," 54","Hopewell Cape",10,46,62,99,3,220,310
"Fundy Royal/Fundy Royal"," 55","Hopewell Hill",3,46,31,86,2,168,266
"Fundy Royal/Fundy Royal"," 56","Riverside-Albert",6,59,24,85,2,176,298
"Fundy Royal/Fundy Royal"," 57","Harvey",6,71,39,71,1,188,335
"Fundy Royal/Fundy Royal"," 58","Alma",8,39,20,84,2,153,226
"Fundy Royal/Fundy Royal"," 59","Penobsquis",7,59,42,87,1,196,319
"Fundy Royal/Fundy Royal"," 60","Cedar Camp",3,27,22,39,1,92,164
"Fundy Royal/Fundy Royal"," 61","Sussex",7,50,43,116,1,217,426
"Fundy Royal/Fundy Royal"," 62","Waterford",7,55,59,103,1,225,407
"Fundy Royal/Fundy Royal"," 63A","Sussex Corner",3,54,32,64,0,153,247
"Fundy Royal/Fundy Royal"," 63B","Sussex Corner",2,33,34,79,0,148,262
"Fundy Royal/Fundy Royal"," 64","Sussex Corner",2,25,14,49,0,90,152
"Fundy Royal/Fundy Royal"," 65","Sussex Corner",2,62,60,114,1,239,456
"Fundy Royal/Fundy Royal"," 66","Mill Brook",5,40,46,106,0,197,294
"Fundy Royal/Fundy Royal"," 67","Wards Creek",2,49,42,115,0,208,375
"Fundy Royal/Fundy Royal"," 68","Hammond",12,67,59,106,4,248,435
"Fundy Royal/Fundy Royal"," 69","St. Martins",8,56,24,52,1,141,262
"Fundy Royal/Fundy Royal"," 70","St. Martins",4,41,26,57,1,129,278
"Fundy Royal/Fundy Royal"," 71","Quaco",4,54,38,67,2,165,278
"Fundy Royal/Fundy Royal"," 72","Bains Corner",3,25,27,59,3,117,257
"Fundy Royal/Fundy Royal"," 73","Baxters Corner",11,78,46,80,1,216,420
"Fundy Royal/Fundy Royal"," 74","Loch Lomond",2,38,20,60,1,121,204
"Fundy Royal/Fundy Royal"," 75A","Willow Grove",8,28,45,70,0,151,288
"Fundy Royal/Fundy Royal"," 75B","Willow Grove",4,33,45,47,0,129,274
"Fundy Royal/Fundy Royal"," 76","Gardner Creek",8,47,37,118,3,213,417
"Fundy Royal/Fundy Royal"," 77A","Garnett Settlement",2,19,20,24,1,66,238
"Fundy Royal/Fundy Royal"," 77B","Garnett Settlement",3,30,21,25,0,79,268
"Fundy Royal/Fundy Royal"," 78","Garnett Settlement",5,43,47,90,2,187,388
"Fundy Royal/Fundy Royal"," 79","Mispec",4,15,19,42,0,80,129
"Fundy Royal/Fundy Royal"," 80","Sussex",4,57,33,82,1,177,348
"Fundy Royal/Fundy Royal"," 81","Sussex",2,73,27,88,0,190,321
"Fundy Royal/Fundy Royal"," 82","Sussex",3,38,27,137,0,205,325
"Fundy Royal/Fundy Royal"," 83","Sussex",10,59,50,75,0,194,400
"Fundy Royal/Fundy Royal"," 84","Sussex",2,38,41,64,2,147,271
"Fundy Royal/Fundy Royal"," 85","Sussex",5,26,27,72,0,130,260
"Fundy Royal/Fundy Royal"," 86","Sussex",8,65,36,119,2,230,415
"Fundy Royal/Fundy Royal"," 87","Sussex",3,53,30,102,1,189,325
"Fundy Royal/Fundy Royal"," 88","Sussex",4,44,31,82,1,162,288
"Fundy Royal/Fundy Royal"," 89","Sussex",3,31,35,82,1,152,306
"Fundy Royal/Fundy Royal"," 90","Sussex",4,35,26,60,0,125,228
"Fundy Royal/Fundy Royal"," 91","Apohaqui",1,36,12,53,0,102,168
"Fundy Royal/Fundy Royal"," 92A","Erb Settlement",3,39,22,51,0,115,247
"Fundy Royal/Fundy Royal"," 92B","Erb Settlement",2,49,52,90,0,193,337
"Fundy Royal/Fundy Royal"," 93A","Norton",6,32,31,62,1,132,251
"Fundy Royal/Fundy Royal"," 93B","Norton",7,34,28,72,1,142,286
"Fundy Royal/Fundy Royal"," 94","Central Norton",10,78,56,114,0,258,434
"Fundy Royal/Fundy Royal"," 95","Bloomfield",7,60,75,101,3,246,460
"Fundy Royal/Fundy Royal"," 96","Salt Springs",4,40,67,161,1,273,471
"Fundy Royal/Fundy Royal"," 97A","Upham",4,36,47,67,0,154,271
"Fundy Royal/Fundy Royal"," 97B","Upham",3,24,43,74,0,144,254
"Fundy Royal/Fundy Royal"," 98A","Hampton",4,42,52,76,2,176,318
"Fundy Royal/Fundy Royal"," 98B","Hampton",2,47,50,73,1,173,313
"Fundy Royal/Fundy Royal"," 99","Hampton",7,33,37,93,0,170,347
"Fundy Royal/Fundy Royal"," 100A","Hampton",3,33,36,57,1,130,220
"Fundy Royal/Fundy Royal"," 100B","Hampton",3,36,35,52,1,127,217
"Fundy Royal/Fundy Royal"," 101","Hampton",2,30,39,72,0,143,228
"Fundy Royal/Fundy Royal"," 102","Hampton",12,52,60,91,1,216,413
"Fundy Royal/Fundy Royal"," 103A","Hampton",4,48,34,72,2,160,272
"Fundy Royal/Fundy Royal"," 103B","Hampton",0,19,36,71,0,126,255
"Fundy Royal/Fundy Royal"," 104","Hampton",7,72,69,105,0,253,406
"Fundy Royal/Fundy Royal"," 105","Hampton",9,73,67,92,0,241,411
"Fundy Royal/Fundy Royal"," 106","Hampton",6,42,63,87,1,199,369
"Fundy Royal/Fundy Royal"," 107A","Darlings Island",6,48,43,65,1,163,235
"Fundy Royal/Fundy Royal"," 107B","Darlings Island",2,32,47,63,1,145,208
"Fundy Royal/Fundy Royal"," 108","Nauwigewauk",10,45,38,85,0,178,318
"Fundy Royal/Fundy Royal"," 109","Nauwigewauk",14,57,71,123,5,270,446
"Fundy Royal/Fundy Royal"," 110","French Village",4,33,44,57,1,139,297
"Fundy Royal/Fundy Royal"," 111","Upper Golden Grove",5,56,58,92,2,213,446
"Fundy Royal/Fundy Royal"," 112A","Lower Norton",7,62,35,76,2,182,266
"Fundy Royal/Fundy Royal"," 112B","Lower Norton",11,41,37,74,2,165,233
"Fundy Royal/Fundy Royal"," 113","Kingston",3,60,44,92,1,200,319
"Fundy Royal/Fundy Royal"," 114A","Kingston",10,42,62,72,0,186,288
"Fundy Royal/Fundy Royal"," 114B","Kingston",2,38,58,86,2,186,292
"Fundy Royal/Fundy Royal"," 115","Clifton Royal",7,41,75,107,1,231,395
"Fundy Royal/Fundy Royal"," 116","Long Reach",12,54,42,79,2,189,302
"Fundy Royal/Fundy Royal"," 117A","Summerville",5,48,48,63,0,164,277
"Fundy Royal/Fundy Royal"," 117B","Summerville",0,42,49,77,0,168,280
"Fundy Royal/Fundy Royal"," 118","Bayswater",6,58,89,115,0,268,399
"Fundy Royal/Fundy Royal"," 119A","Quispamsis",1,46,37,43,3,130,235
"Fundy Royal/Fundy Royal"," 119B","Quispamsis",0,52,39,56,4,151,272
"Fundy Royal/Fundy Royal"," 120A","Quispamsis",4,35,25,48,0,112,227
"Fundy Royal/Fundy Royal"," 120B","Quispamsis",2,44,34,64,1,145,236
"Fundy Royal/Fundy Royal"," 121A","Quispamsis",4,55,28,62,0,149,275
"Fundy Royal/Fundy Royal"," 121B","Quispamsis",0,41,38,63,1,143,253
"Fundy Royal/Fundy Royal"," 122A","Quispamsis",6,56,39,83,0,184,339
"Fundy Royal/Fundy Royal"," 122B","Quispamsis",2,55,28,99,0,184,291
"Fundy Royal/Fundy Royal"," 123","Quispamsis",4,47,24,75,1,151,263
"Fundy Royal/Fundy Royal"," 124","Quispamsis",9,32,42,79,3,165,294
"Fundy Royal/Fundy Royal"," 125","Quispamsis",7,26,30,33,2,98,214
"Fundy Royal/Fundy Royal"," 126","Quispamsis",4,23,27,30,0,84,203
"Fundy Royal/Fundy Royal"," 127","Quispamsis",1,38,30,43,0,112,244
"Fundy Royal/Fundy Royal"," 128A","Quispamsis",6,53,28,90,0,177,323
"Fundy Royal/Fundy Royal"," 128B","Quispamsis",7,63,31,88,0,189,312
"Fundy Royal/Fundy Royal"," 129A","Quispamsis",5,51,62,90,1,209,359
"Fundy Royal/Fundy Royal"," 129B","Quispamsis",6,61,42,108,3,220,371
"Fundy Royal/Fundy Royal"," 130","Quispamsis",6,71,34,82,0,193,296
"Fundy Royal/Fundy Royal"," 131","Quispamsis",1,75,38,90,2,206,376
"Fundy Royal/Fundy Royal"," 132A","Quispamsis",5,43,16,82,2,148,269
"Fundy Royal/Fundy Royal"," 132B","Quispamsis",2,64,27,91,1,185,321
"Fundy Royal/Fundy Royal"," 133A","Quispamsis",3,54,26,62,0,145,255
"Fundy Royal/Fundy Royal"," 133B","Quispamsis",3,56,24,91,0,174,272
"Fundy Royal/Fundy Royal"," 134","Quispamsis",11,90,28,96,0,225,395
"Fundy Royal/Fundy Royal"," 135A","Quispamsis",5,102,39,101,0,247,375
"Fundy Royal/Fundy Royal"," 135B","Quispamsis",5,99,34,133,1,272,432
"Fundy Royal/Fundy Royal"," 136","Quispamsis",12,88,48,128,0,276,459
"Fundy Royal/Fundy Royal"," 137","Quispamsis",13,111,50,101,2,277,433
"Fundy Royal/Fundy Royal"," 138A","Quispamsis",8,52,29,70,0,159,250
"Fundy Royal/Fundy Royal"," 138B","Quispamsis",3,60,24,56,0,143,244
"Fundy Royal/Fundy Royal"," 139","Quispamsis",10,80,53,116,0,259,429
"Fundy Royal/Fundy Royal"," 500","Mobile poll/Bureau itinérant",1,31,5,34,0,71,120
"Fundy Royal/Fundy Royal"," 501","Mobile poll/Bureau itinérant",4,10,5,13,0,32,85
"Fundy Royal/Fundy Royal"," 502","Mobile poll/Bureau itinérant",5,18,3,19,3,48,84
"Fundy Royal/Fundy Royal"," 600","Cumberland Bay",0,23,2,34,3,62,
"Fundy Royal/Fundy Royal"," 601","Petitcodiac",6,83,40,165,4,298,
"Fundy Royal/Fundy Royal"," 602","Salisbury",14,92,57,241,3,407,
"Fundy Royal/Fundy Royal"," 603","Riverview",11,132,45,162,1,351,
"Fundy Royal/Fundy Royal"," 604","Riverview",9,75,29,134,2,249,
"Fundy Royal/Fundy Royal"," 605","Hillsborough",2,33,25,120,1,181,
"Fundy Royal/Fundy Royal"," 606","Riverside-Albert",2,38,14,81,0,135,
"Fundy Royal/Fundy Royal"," 607","Sussex Corner",4,85,53,151,2,295,
"Fundy Royal/Fundy Royal"," 608","Sussex",9,94,32,239,2,376,
"Fundy Royal/Fundy Royal"," 609","St. Martins",2,43,15,83,1,144,
"Fundy Royal/Fundy Royal"," 610","Simonds",8,53,41,135,0,237,
"Fundy Royal/Fundy Royal"," 611","Norton",2,77,13,112,0,204,
"Fundy Royal/Fundy Royal"," 612","Hampton",13,133,83,290,3,522,
"Fundy Royal/Fundy Royal"," 613","Kingston",16,38,34,94,0,182,
"Fundy Royal/Fundy Royal"," 614","Quispamsis",13,156,94,285,3,551,
"Fundy Royal/Fundy Royal"," 615","Quispamsis",16,137,62,220,0,435,
"Fundy Royal/Fundy Royal",,Group 1/Groupe 1,10,33,19,50,5,117,284
"Fundy Royal/Fundy Royal",,Group 2/Groupe 2,22,261,103,370,17,773,
